Time [s] 	 CH1 	 BGND1 	 CH2 	 BGND2 
0.000 	 234060 	 133098 	 147022 	 130507 
0.205 	 233792 	 133154 	 147891 	 130507 
0.409 	 233469 	 133322 	 146786 	 130507 
0.614 	 231990 	 133154 	 146764 	 130507 
0.818 	 232820 	 133210 	 147046 	 130563 
1.023 	 230323 	 133322 	 145862 	 130563 
1.227 	 231498 	 132930 	 147030 	 130563 
1.432 	 232283 	 132930 	 146297 	 130507 
1.636 	 228359 	 132986 	 147662 	 130563 
1.841 	 233700 	 133154 	 145791 	 130507 
2.045 	 232030 	 133210 	 147343 	 130674 
2.250 	 226541 	 133098 	 145534 	 130507 
2.454 	 226899 	 132986 	 146956 	 130730 
2.659 	 230318 	 133098 	 145595 	 130619 
2.863 	 230151 	 133042 	 146089 	 130507 
3.068 	 230193 	 132930 	 146670 	 130563 
3.272 	 231655 	 133042 	 147312 	 130674 
3.477 	 235412 	 132986 	 146851 	 130507 
3.682 	 233575 	 133377 	 146308 	 130563 
3.886 	 232877 	 133042 	 148052 	 130619 
4.091 	 231603 	 133042 	 146381 	 130507 
4.295 	 229672 	 133098 	 147471 	 130619 
4.500 	 233486 	 132875 	 146726 	 130507 
4.704 	 232893 	 133042 	 147092 	 130451 
4.909 	 232156 	 133154 	 147835 	 130674 
5.113 	 234812 	 133377 	 147337 	 130563 
5.318 	 235652 	 133042 	 146884 	 130619 
5.522 	 235283 	 133042 	 147906 	 130507 
5.727 	 236704 	 133377 	 147591 	 130563 
5.931 	 234067 	 133210 	 147222 	 130619 
6.136 	 233987 	 133266 	 146552 	 130619 
6.340 	 231964 	 132986 	 148453 	 130619 
6.545 	 231494 	 133098 	 147780 	 130563 
6.749 	 232907 	 133322 	 146356 	 130563 
6.954 	 235294 	 133154 	 146751 	 130619 
7.159 	 234508 	 133322 	 148886 	 131010 
7.363 	 234346 	 133545 	 153879 	 137605 
7.568 	 233126 	 133545 	 167183 	 152752 
7.772 	 233864 	 133936 	 185317 	 169016 
7.977 	 237043 	 134271 	 196931 	 182877 
8.181 	 239505 	 134439 	 209507 	 196012 
8.386 	 240678 	 134495 	 216411 	 202719 
8.590 	 241169 	 134607 	 221881 	 207302 
8.795 	 240369 	 134551 	 228993 	 211550 
8.999 	 237570 	 134551 	 229107 	 214903 
9.204 	 233302 	 134495 	 231277 	 215071 
9.408 	 240922 	 134495 	 228508 	 217474 
9.613 	 238506 	 134886 	 229881 	 218145 
9.817 	 240506 	 134663 	 232678 	 220157 
10.022 	 240940 	 134942 	 234037 	 219710 
10.226 	 239093 	 134607 	 234361 	 222057 
10.431 	 241939 	 134663 	 236763 	 221051 
10.636 	 243582 	 135054 	 235299 	 220883 
10.840 	 242302 	 135110 	 233745 	 221051 
11.045 	 240277 	 135054 	 234890 	 222448 
11.249 	 241734 	 134774 	 235384 	 223846 
11.454 	 242532 	 134718 	 236675 	 222784 
11.658 	 243649 	 134886 	 235718 	 223957 
11.863 	 239317 	 134998 	 242378 	 225299 
12.067 	 244757 	 135054 	 239870 	 223957 
12.272 	 243231 	 135166 	 237904 	 224684 
12.476 	 241650 	 135054 	 238040 	 224069 
12.681 	 242758 	 134942 	 238798 	 225970 
12.885 	 244219 	 134998 	 239692 	 224460 
13.090 	 241015 	 134942 	 238050 	 226696 
13.294 	 239927 	 135110 	 240269 	 226305 
13.499 	 239769 	 134607 	 237328 	 226249 
13.704 	 243867 	 134886 	 239468 	 226361 
13.908 	 247206 	 135054 	 240319 	 226193 
14.113 	 240352 	 135166 	 239283 	 227814 
14.317 	 244340 	 134774 	 237829 	 226305 
14.522 	 239932 	 134830 	 238715 	 226137 
14.726 	 239391 	 134663 	 237966 	 226473 
14.931 	 242681 	 134774 	 240255 	 227423 
15.135 	 243590 	 135221 	 238857 	 226640 
15.340 	 243733 	 134998 	 238530 	 225802 
15.544 	 243977 	 135166 	 239236 	 226864 
15.749 	 241524 	 134942 	 241242 	 227479 
15.953 	 243836 	 134998 	 238636 	 226864 
16.158 	 244752 	 135166 	 241048 	 228149 
16.362 	 246031 	 134942 	 237881 	 226808 
16.567 	 243530 	 134886 	 242958 	 227814 
16.771 	 243508 	 135221 	 240186 	 227926 
16.976 	 241288 	 134886 	 240775 	 227758 
17.181 	 242249 	 134718 	 241086 	 229603 
17.385 	 245418 	 134663 	 246050 	 228764 
17.590 	 242997 	 135110 	 240187 	 228429 
17.794 	 243786 	 134830 	 241906 	 228205 
17.999 	 240969 	 135389 	 242689 	 228988 
18.203 	 244624 	 135054 	 240678 	 228205 
18.408 	 241344 	 135166 	 240123 	 227982 
18.612 	 243429 	 135333 	 245396 	 230106 
18.817 	 244045 	 134886 	 240969 	 228429 
19.021 	 241385 	 134998 	 242620 	 228708 
19.226 	 242013 	 135054 	 243249 	 229435 
19.430 	 246963 	 135221 	 245482 	 230161 
19.635 	 246716 	 135166 	 242903 	 228093 
19.839 	 245658 	 134998 	 245089 	 229938 
20.044 	 242570 	 135054 	 242482 	 230106 
20.248 	 240293 	 134942 	 245787 	 230497 
20.453 	 242320 	 135333 	 244485 	 231112 
20.658 	 244946 	 135054 	 241867 	 229882 
20.862 	 242583 	 134886 	 243803 	 229882 
21.067 	 243134 	 134942 	 242645 	 230161 
21.271 	 245086 	 134942 	 246165 	 230441 
21.476 	 244448 	 134998 	 244375 	 230664 
21.680 	 246465 	 134942 	 241076 	 229770 
21.885 	 244136 	 134718 	 243441 	 230720 
22.089 	 246258 	 135054 	 243121 	 231223 
22.294 	 248786 	 135054 	 243691 	 230441 
22.498 	 250369 	 134830 	 247274 	 232341 
22.703 	 246490 	 135557 	 243655 	 229882 
22.907 	 247530 	 135277 	 242927 	 231000 
23.112 	 247909 	 135221 	 244172 	 230329 
23.316 	 243641 	 134774 	 246083 	 232062 
23.521 	 246201 	 135054 	 245877 	 231615 
23.725 	 245865 	 135166 	 244075 	 230385 
23.930 	 249637 	 134886 	 244894 	 230161 
24.135 	 243140 	 135110 	 244622 	 230888 
24.339 	 244623 	 135166 	 244086 	 231391 
24.544 	 240655 	 135054 	 243548 	 230329 
24.748 	 248911 	 134607 	 242182 	 230944 
24.953 	 244773 	 134718 	 244184 	 231056 
25.157 	 245703 	 135054 	 242542 	 231671 
25.362 	 247851 	 134663 	 244196 	 230664 
25.566 	 247960 	 134998 	 244325 	 231112 
25.771 	 244344 	 134830 	 242650 	 229994 
25.975 	 246436 	 135054 	 248116 	 230944 
26.180 	 246615 	 135054 	 241769 	 229826 
26.384 	 240383 	 135054 	 243983 	 230497 
26.589 	 249238 	 134942 	 244011 	 231279 
26.793 	 244826 	 135054 	 242941 	 230217 
26.998 	 250277 	 135277 	 243639 	 230609 
27.202 	 249434 	 134942 	 245001 	 231838 
27.407 	 246717 	 135221 	 248310 	 231782 
27.612 	 241845 	 134942 	 243574 	 231782 
27.816 	 248059 	 134998 	 246364 	 231838 
28.021 	 247663 	 135221 	 247479 	 231559 
28.225 	 247685 	 135110 	 248378 	 231615 
28.430 	 248167 	 134998 	 245564 	 231559 
28.634 	 246401 	 135110 	 247527 	 232006 
28.839 	 247949 	 135110 	 245980 	 233291 
29.043 	 246851 	 135166 	 246054 	 231503 
29.248 	 248152 	 135166 	 245008 	 232229 
29.452 	 250580 	 135110 	 245381 	 230776 
29.657 	 244930 	 135221 	 242100 	 230944 
29.861 	 245667 	 135110 	 244897 	 232118 
30.066 	 245033 	 135221 	 243691 	 233347 
30.270 	 245079 	 135221 	 244999 	 232732 
30.475 	 243500 	 135221 	 248567 	 233124 
30.679 	 245693 	 135054 	 246708 	 232621 
30.884 	 247001 	 135166 	 250086 	 232285 
31.089 	 245709 	 135166 	 246434 	 231782 
31.293 	 246616 	 134886 	 243074 	 233515 
31.498 	 244865 	 135333 	 245236 	 233906 
31.702 	 242189 	 135221 	 244646 	 234074 
31.907 	 244240 	 135166 	 244123 	 232900 
32.111 	 248168 	 135445 	 245393 	 231726 
32.316 	 246319 	 135221 	 247224 	 232453 
32.520 	 245650 	 135054 	 244869 	 232509 
32.725 	 245428 	 134942 	 243020 	 231615 
32.929 	 247062 	 135166 	 246696 	 232062 
33.134 	 247101 	 135501 	 246832 	 232285 
33.338 	 245868 	 135221 	 243839 	 231894 
33.543 	 242082 	 135333 	 245661 	 232006 
33.747 	 248174 	 135221 	 243305 	 232453 
33.952 	 246677 	 135221 	 243374 	 231447 
34.157 	 246718 	 135054 	 246740 	 231447 
34.361 	 250290 	 135333 	 244033 	 231950 
34.566 	 249502 	 135277 	 245761 	 231391 
34.770 	 243413 	 135389 	 242180 	 232006 
34.975 	 249453 	 135277 	 244609 	 232509 
35.179 	 250019 	 135445 	 246589 	 233459 
35.384 	 246436 	 134998 	 247567 	 234297 
35.588 	 248219 	 135501 	 249288 	 232788 
35.793 	 248415 	 135389 	 244505 	 233738 
35.997 	 245795 	 135277 	 245874 	 233627 
36.202 	 246647 	 135668 	 242270 	 232229 
36.406 	 246227 	 135724 	 247091 	 231000 
36.611 	 249743 	 135445 	 247647 	 232397 
36.815 	 247935 	 135277 	 245435 	 232509 
37.020 	 249966 	 135277 	 247611 	 231726 
37.224 	 251946 	 135389 	 244576 	 233068 
37.429 	 250092 	 135613 	 247838 	 232732 
37.634 	 251721 	 135613 	 244515 	 233403 
37.838 	 244569 	 135836 	 245139 	 232900 
38.043 	 244680 	 135110 	 246557 	 233124 
38.247 	 248557 	 135445 	 247864 	 232621 
38.452 	 246382 	 135054 	 245684 	 232397 
38.656 	 243784 	 135333 	 248726 	 234409 
38.861 	 248133 	 135724 	 244198 	 234409 
39.065 	 247804 	 135445 	 244341 	 233403 
39.270 	 242061 	 135166 	 244996 	 233124 
39.474 	 249362 	 135668 	 246749 	 234353 
39.679 	 243159 	 135613 	 247825 	 233180 
39.883 	 242709 	 135333 	 247973 	 234577 
40.088 	 246382 	 135445 	 247778 	 233794 
40.292 	 250757 	 135613 	 247504 	 233180 
40.497 	 247193 	 135501 	 246108 	 231671 
40.701 	 244261 	 135557 	 246882 	 233124 
40.906 	 243881 	 135333 	 246361 	 231671 
41.111 	 246080 	 135389 	 247147 	 232229 
41.315 	 245530 	 135277 	 246150 	 232844 
41.520 	 246005 	 135389 	 247833 	 233068 
41.724 	 245865 	 135166 	 243971 	 231726 
41.929 	 246677 	 135445 	 244842 	 232788 
42.133 	 250212 	 135613 	 247416 	 233683 
42.338 	 246256 	 135892 	 245415 	 233347 
42.542 	 246681 	 135836 	 243778 	 234242 
42.747 	 247331 	 135445 	 246409 	 234186 
42.951 	 243910 	 135501 	 247508 	 234689 
43.156 	 243988 	 135613 	 243733 	 232229 
43.360 	 244586 	 135389 	 244935 	 232118 
43.565 	 245227 	 135389 	 245662 	 233627 
43.769 	 247242 	 135836 	 248741 	 234353 
43.974 	 246712 	 135221 	 246768 	 232956 
44.178 	 247627 	 135613 	 243854 	 232062 
44.383 	 248905 	 135668 	 248394 	 232621 
44.588 	 248617 	 135501 	 246584 	 232956 
44.792 	 248176 	 135445 	 246252 	 233850 
44.997 	 248142 	 135557 	 247188 	 233291 
45.201 	 247952 	 135780 	 243164 	 234856 
45.406 	 245731 	 135557 	 244027 	 233459 
45.610 	 248577 	 135333 	 247162 	 233738 
45.815 	 242186 	 135948 	 247168 	 234968 
46.019 	 245374 	 135445 	 248978 	 234968 
46.224 	 244140 	 135836 	 245535 	 235080 
46.428 	 250300 	 134942 	 246613 	 235415 
46.633 	 251007 	 135501 	 248639 	 233850 
46.837 	 245397 	 135389 	 250821 	 235192 
47.042 	 248584 	 135221 	 246749 	 234018 
47.246 	 247719 	 135892 	 245804 	 234018 
47.451 	 245863 	 135613 	 246136 	 234297 
47.655 	 246908 	 135557 	 245579 	 234409 
47.860 	 249944 	 135445 	 245084 	 234409 
48.065 	 244005 	 135333 	 247744 	 234800 
48.269 	 247951 	 135445 	 246204 	 232509 
48.474 	 251033 	 135389 	 246977 	 235527 
48.678 	 251000 	 135613 	 246416 	 232844 
48.883 	 247345 	 135836 	 247568 	 235024 
49.087 	 244449 	 135445 	 244987 	 233068 
49.292 	 247927 	 135445 	 245247 	 234633 
49.496 	 249841 	 135613 	 248844 	 234409 
49.701 	 248794 	 135668 	 246491 	 234074 
49.905 	 253721 	 135780 	 246716 	 234130 
50.110 	 249429 	 135333 	 246074 	 233459 
50.314 	 244107 	 135557 	 245370 	 233124 
50.519 	 248238 	 135389 	 247943 	 235695 
50.723 	 244646 	 135445 	 246209 	 233515 
50.928 	 248297 	 135668 	 247873 	 233738 
51.132 	 246943 	 135668 	 248845 	 235695 
51.337 	 244406 	 135724 	 248418 	 235024 
51.542 	 246730 	 135724 	 247659 	 235192 
51.746 	 249778 	 135613 	 249737 	 235471 
51.951 	 246647 	 135501 	 250052 	 235918 
52.155 	 243865 	 135724 	 252158 	 235024 
52.360 	 243214 	 135445 	 248314 	 235415 
52.564 	 249122 	 135613 	 244003 	 235136 
52.769 	 243676 	 135613 	 249644 	 234856 
52.973 	 248435 	 135557 	 248152 	 233906 
53.178 	 244738 	 136060 	 247847 	 235136 
53.382 	 246410 	 135389 	 246342 	 234297 
53.587 	 247666 	 135445 	 245254 	 233571 
53.791 	 245788 	 135668 	 248883 	 234130 
53.996 	 249094 	 135780 	 248728 	 235248 
54.200 	 245631 	 135557 	 247836 	 234465 
54.405 	 249031 	 135836 	 251684 	 234577 
54.610 	 247998 	 135668 	 247659 	 235359 
54.814 	 247604 	 135836 	 251458 	 235527 
55.019 	 247636 	 135501 	 249873 	 234633 
55.223 	 246933 	 135668 	 248806 	 233403 
55.428 	 248025 	 135613 	 248543 	 234521 
55.632 	 245355 	 135780 	 250146 	 233347 
55.837 	 247543 	 135780 	 247508 	 234968 
56.041 	 245561 	 135780 	 247394 	 235974 
56.246 	 247118 	 135724 	 248483 	 235695 
56.450 	 250874 	 135389 	 250468 	 234242 
56.655 	 247441 	 135613 	 246970 	 233738 
56.859 	 247933 	 135501 	 250293 	 235695 
57.064 	 247576 	 135668 	 248734 	 233794 
57.268 	 246722 	 135724 	 247455 	 235080 
57.473 	 251320 	 135892 	 249550 	 234521 
57.677 	 249396 	 135892 	 247576 	 233906 
57.882 	 250648 	 135613 	 249655 	 235471 
58.087 	 248110 	 136004 	 245145 	 233627 
58.291 	 246871 	 135445 	 246469 	 233403 
58.496 	 251638 	 135333 	 248675 	 234353 
58.700 	 249297 	 135724 	 245922 	 234521 
58.905 	 252419 	 135892 	 247196 	 234409 
59.109 	 250818 	 135724 	 246656 	 234912 
59.314 	 246978 	 135501 	 251575 	 234856 
59.518 	 249648 	 135613 	 245024 	 235192 
59.723 	 249807 	 135780 	 249485 	 235527 
59.927 	 251458 	 135613 	 250546 	 235918 
60.132 	 248185 	 135724 	 247978 	 235918 
60.336 	 249036 	 135613 	 249366 	 234633 
60.541 	 249656 	 135892 	 245157 	 234409 
60.745 	 247303 	 135445 	 245591 	 233347 
60.950 	 247502 	 135836 	 246906 	 236365 
61.154 	 251602 	 136060 	 248226 	 234745 
61.359 	 249861 	 135780 	 248151 	 235415 
61.564 	 248324 	 135333 	 250613 	 234074 
61.768 	 248911 	 135613 	 247734 	 235303 
61.973 	 249597 	 136004 	 250489 	 235527 
62.177 	 250075 	 135780 	 249252 	 236086 
62.382 	 248460 	 135668 	 248738 	 235359 
62.586 	 251757 	 135668 	 250009 	 236030 
62.791 	 247541 	 135445 	 248083 	 235806 
62.995 	 248668 	 135613 	 245894 	 236030 
63.200 	 247802 	 135166 	 245567 	 234353 
63.404 	 249544 	 135557 	 245247 	 235192 
63.609 	 253224 	 135333 	 251000 	 234577 
63.813 	 247905 	 135668 	 251471 	 235192 
64.018 	 250719 	 135780 	 251628 	 236198 
64.222 	 248973 	 135557 	 249986 	 236365 
64.427 	 248264 	 136060 	 251103 	 234745 
64.631 	 249309 	 135780 	 250600 	 236868 
64.836 	 247714 	 135613 	 247538 	 232565 
65.041 	 247159 	 135501 	 246650 	 235471 
65.245 	 249612 	 135668 	 248070 	 235136 
65.450 	 249548 	 135445 	 250179 	 234856 
65.654 	 249901 	 135668 	 252460 	 234633 
65.859 	 250071 	 136004 	 250202 	 235415 
66.063 	 248577 	 135836 	 249687 	 234633 
66.268 	 247566 	 135557 	 246578 	 234800 
66.472 	 247176 	 135668 	 250939 	 234912 
66.677 	 251589 	 135724 	 250016 	 235862 
66.881 	 248225 	 135724 	 249381 	 235583 
67.086 	 250511 	 135501 	 248694 	 234912 
67.290 	 246287 	 135333 	 248845 	 233627 
67.495 	 246657 	 135389 	 247035 	 235527 
67.699 	 246506 	 135557 	 249231 	 236589 
67.904 	 247752 	 135557 	 248070 	 235862 
68.108 	 252686 	 135557 	 245694 	 235192 
68.313 	 249717 	 135724 	 247377 	 234912 
68.518 	 246285 	 136060 	 249676 	 234912 
68.722 	 248208 	 135836 	 247109 	 234912 
68.927 	 251430 	 135836 	 248041 	 234186 
69.131 	 249547 	 135724 	 247572 	 233962 
69.336 	 249902 	 135836 	 249466 	 234465 
69.540 	 247419 	 135780 	 246751 	 233738 
69.745 	 249786 	 135557 	 244874 	 232900 
69.949 	 247478 	 135948 	 250380 	 234074 
70.154 	 250387 	 135892 	 248490 	 234242 
70.358 	 248893 	 135501 	 251980 	 235527 
70.563 	 247042 	 135668 	 249297 	 235862 
70.767 	 249031 	 135668 	 248133 	 236813 
70.972 	 248725 	 135780 	 246103 	 233571 
71.176 	 249834 	 135557 	 250112 	 235415 
71.381 	 245313 	 135557 	 251529 	 236086 
71.585 	 247515 	 135948 	 247755 	 235806 
71.790 	 250318 	 135836 	 251537 	 236533 
71.995 	 253078 	 135724 	 249614 	 236254 
72.199 	 246280 	 135948 	 251412 	 236645 
72.404 	 251370 	 136171 	 250846 	 236365 
72.608 	 243574 	 135277 	 250239 	 235583 
72.813 	 244966 	 136060 	 251205 	 235415 
