Time [s] 	 CH1 	 BGND1 	 CH2 	 BGND2 
0.000 	 185443 	 133556 	 137948 	 130767 
0.205 	 185118 	 133836 	 138562 	 130600 
0.409 	 185103 	 133891 	 137010 	 130656 
0.614 	 183866 	 133891 	 137967 	 130711 
0.818 	 184763 	 133836 	 138056 	 130600 
1.023 	 184544 	 133724 	 137865 	 130656 
1.227 	 183990 	 134059 	 137808 	 130656 
1.432 	 183990 	 133891 	 138290 	 130656 
1.636 	 185176 	 133836 	 138292 	 130823 
1.841 	 186149 	 133836 	 137048 	 130600 
2.045 	 186539 	 134059 	 138464 	 130600 
2.250 	 182205 	 133891 	 137900 	 130600 
2.454 	 184374 	 133947 	 138601 	 130600 
2.659 	 184109 	 134059 	 138088 	 130544 
2.863 	 185209 	 133891 	 138358 	 130711 
3.068 	 184335 	 134115 	 138471 	 130544 
3.272 	 184437 	 134003 	 138316 	 130600 
3.477 	 182891 	 134059 	 138611 	 130711 
3.682 	 184874 	 133780 	 138106 	 130711 
3.886 	 185321 	 133891 	 137793 	 130711 
4.091 	 184016 	 133836 	 138740 	 130767 
4.295 	 183273 	 133724 	 137329 	 130656 
4.500 	 185735 	 133668 	 138785 	 130600 
4.704 	 185248 	 133947 	 138322 	 130600 
4.909 	 186644 	 133780 	 137869 	 130600 
5.113 	 184717 	 133891 	 138915 	 130656 
5.318 	 184769 	 134059 	 137836 	 130600 
5.522 	 187107 	 133947 	 138188 	 130600 
5.727 	 184412 	 133836 	 137218 	 130544 
5.931 	 185019 	 134059 	 138534 	 130600 
6.136 	 183653 	 133891 	 138282 	 130656 
6.340 	 184592 	 133780 	 137371 	 130711 
6.545 	 183929 	 134059 	 139624 	 130656 
6.749 	 186260 	 133836 	 139636 	 130656 
6.954 	 186055 	 133836 	 137907 	 130600 
7.159 	 182366 	 133780 	 138148 	 131103 
7.363 	 186247 	 133891 	 144401 	 135797 
7.568 	 188021 	 134617 	 154459 	 146638 
7.772 	 185046 	 134785 	 165155 	 158206 
7.977 	 186766 	 135008 	 175636 	 168209 
8.181 	 187725 	 135455 	 183989 	 176592 
8.386 	 188180 	 135176 	 190907 	 182236 
8.590 	 187586 	 135399 	 193962 	 186595 
8.795 	 188385 	 135287 	 194984 	 188830 
8.999 	 187283 	 135511 	 196273 	 189501 
9.204 	 186972 	 135622 	 197631 	 190898 
9.408 	 187448 	 135455 	 198135 	 191010 
9.613 	 188921 	 135901 	 200028 	 194139 
9.817 	 188782 	 135287 	 197704 	 192016 
10.022 	 191955 	 135455 	 198139 	 191848 
10.226 	 189103 	 135846 	 200248 	 193580 
10.431 	 190737 	 135734 	 199941 	 193748 
10.636 	 188084 	 135846 	 198964 	 193804 
10.840 	 190035 	 135846 	 202184 	 195480 
11.045 	 190188 	 135846 	 202531 	 195480 
11.249 	 191028 	 135846 	 203457 	 196095 
11.454 	 189291 	 135901 	 202433 	 195313 
11.658 	 193372 	 135622 	 205268 	 195872 
11.863 	 191929 	 135622 	 207580 	 197995 
12.067 	 191839 	 135455 	 203517 	 196375 
12.272 	 191150 	 135511 	 202219 	 195648 
12.476 	 189242 	 136013 	 204855 	 197213 
12.681 	 188773 	 135901 	 205831 	 197492 
12.885 	 190747 	 135790 	 205548 	 197827 
13.090 	 190213 	 135455 	 205530 	 198722 
13.294 	 190719 	 135846 	 203363 	 197380 
13.499 	 190693 	 135957 	 207617 	 198945 
13.704 	 187638 	 135622 	 204961 	 198330 
13.908 	 192267 	 135957 	 205840 	 198778 
14.113 	 187430 	 135678 	 207024 	 199001 
14.317 	 188847 	 135678 	 207362 	 198554 
14.522 	 188172 	 135566 	 207259 	 198722 
14.726 	 191603 	 135846 	 205149 	 198330 
14.931 	 188771 	 135678 	 206726 	 199001 
15.135 	 188702 	 135399 	 205553 	 198163 
15.340 	 188999 	 135455 	 205406 	 197492 
15.544 	 190665 	 135901 	 203587 	 198610 
15.749 	 189796 	 135734 	 204342 	 198051 
15.953 	 189196 	 135566 	 204560 	 198610 
16.158 	 190156 	 136069 	 207979 	 199225 
16.362 	 192193 	 135678 	 205554 	 198442 
16.567 	 192091 	 136013 	 205905 	 199616 
16.771 	 191288 	 135734 	 206017 	 199951 
16.976 	 190966 	 136236 	 209827 	 199336 
17.181 	 194038 	 136236 	 205385 	 200230 
17.385 	 192491 	 135957 	 207141 	 199672 
17.590 	 192717 	 135846 	 209137 	 200063 
17.794 	 188215 	 135846 	 206582 	 199616 
17.999 	 191954 	 135846 	 205809 	 199672 
18.203 	 189745 	 136069 	 205198 	 199280 
18.408 	 189830 	 135846 	 204661 	 198330 
18.612 	 192058 	 136348 	 207398 	 200957 
18.817 	 192551 	 136181 	 208849 	 200733 
19.021 	 189741 	 135901 	 205212 	 200119 
19.226 	 192412 	 135957 	 205658 	 199392 
19.430 	 191920 	 136125 	 207166 	 200286 
19.635 	 190328 	 136292 	 202620 	 196542 
19.839 	 190514 	 135957 	 207244 	 197380 
20.044 	 188651 	 136292 	 204451 	 200119 
20.248 	 188277 	 136013 	 209098 	 200175 
20.453 	 190097 	 135734 	 205419 	 200063 
20.658 	 191460 	 135734 	 208627 	 200789 
20.862 	 190938 	 136013 	 206166 	 200230 
21.067 	 190395 	 135734 	 207617 	 200175 
21.271 	 188998 	 136069 	 208479 	 200957 
21.476 	 192449 	 135957 	 206702 	 200845 
21.680 	 190589 	 135734 	 208712 	 201069 
21.885 	 188430 	 136181 	 206757 	 201292 
22.089 	 192736 	 135957 	 205999 	 200901 
22.294 	 189248 	 136013 	 208770 	 201683 
22.498 	 190249 	 136125 	 206586 	 201181 
22.703 	 191678 	 136181 	 207663 	 200622 
22.907 	 188127 	 136069 	 205804 	 201125 
23.112 	 193566 	 136069 	 205040 	 200510 
23.316 	 191471 	 136292 	 209593 	 201907 
23.521 	 188863 	 136069 	 207028 	 201292 
23.725 	 192891 	 136236 	 208278 	 202186 
23.930 	 190660 	 136292 	 207264 	 200789 
24.135 	 190069 	 135901 	 209386 	 200901 
24.339 	 191391 	 135790 	 209189 	 201069 
24.544 	 187606 	 136125 	 208382 	 201181 
24.748 	 190129 	 135901 	 208345 	 201516 
24.953 	 189598 	 135901 	 207099 	 201851 
25.157 	 189759 	 135790 	 210035 	 201739 
25.362 	 188474 	 135846 	 206327 	 200733 
25.566 	 190400 	 135734 	 206384 	 200063 
25.771 	 188643 	 135790 	 207377 	 201907 
25.975 	 189223 	 135957 	 208780 	 200510 
26.180 	 190915 	 135734 	 207268 	 200342 
26.384 	 190511 	 135734 	 207986 	 200901 
26.589 	 192317 	 135790 	 207278 	 201125 
26.793 	 191497 	 136181 	 208505 	 200957 
26.998 	 193087 	 136013 	 209170 	 201348 
27.202 	 189844 	 136069 	 207355 	 201013 
27.407 	 193477 	 136292 	 208661 	 201181 
27.612 	 190635 	 136013 	 208487 	 200566 
27.816 	 189035 	 135901 	 207712 	 200342 
28.021 	 188576 	 136069 	 207459 	 200789 
28.225 	 190347 	 136348 	 209798 	 202633 
28.430 	 190304 	 136069 	 208350 	 200510 
28.634 	 189927 	 136125 	 210434 	 201013 
28.839 	 193996 	 136460 	 208660 	 201739 
29.043 	 190898 	 135678 	 209950 	 203248 
29.248 	 190698 	 136292 	 210073 	 203081 
29.452 	 191623 	 136013 	 208468 	 202745 
29.657 	 190312 	 136069 	 208509 	 202131 
29.861 	 189550 	 136013 	 207455 	 202354 
30.066 	 190822 	 136069 	 210731 	 202689 
30.270 	 189348 	 136292 	 208713 	 203081 
30.475 	 188935 	 136236 	 207619 	 201963 
30.679 	 190092 	 136236 	 207618 	 201739 
30.884 	 190328 	 136125 	 209292 	 203919 
31.089 	 192107 	 136069 	 207966 	 202075 
31.293 	 188064 	 136069 	 206208 	 201516 
31.498 	 190440 	 136292 	 206420 	 202242 
31.702 	 189856 	 135901 	 205627 	 202466 
31.907 	 192238 	 136348 	 207809 	 201013 
32.111 	 189797 	 136236 	 207293 	 201013 
32.316 	 190513 	 136404 	 207073 	 202466 
32.520 	 189701 	 136181 	 206746 	 202857 
32.725 	 190418 	 136236 	 206797 	 199951 
32.929 	 190577 	 135957 	 208329 	 201348 
33.134 	 190467 	 136348 	 209314 	 201907 
33.338 	 190026 	 136236 	 208504 	 202633 
33.543 	 190619 	 136069 	 208059 	 202354 
33.747 	 191688 	 136571 	 207267 	 201683 
33.952 	 188988 	 136181 	 209513 	 201125 
34.157 	 189682 	 136348 	 208952 	 199728 
34.361 	 191573 	 136181 	 206807 	 201460 
34.566 	 189573 	 136069 	 207315 	 201516 
34.770 	 190259 	 136292 	 206311 	 201125 
34.975 	 190341 	 136236 	 207275 	 200901 
35.179 	 190333 	 136292 	 210064 	 202354 
35.384 	 188871 	 135957 	 207679 	 202410 
35.588 	 191511 	 136516 	 207465 	 202019 
35.793 	 191885 	 136292 	 210308 	 203472 
35.997 	 191945 	 136516 	 210942 	 203807 
36.202 	 191772 	 136571 	 206909 	 202410 
36.406 	 189432 	 136460 	 207588 	 202466 
36.611 	 192157 	 136181 	 206932 	 202131 
36.815 	 190146 	 136292 	 209178 	 201907 
37.020 	 189826 	 136348 	 211141 	 202522 
37.224 	 192965 	 136851 	 209897 	 202131 
37.429 	 193056 	 136404 	 207900 	 201236 
37.634 	 191518 	 136125 	 208730 	 202354 
37.838 	 191544 	 136516 	 210119 	 203360 
38.043 	 193069 	 136348 	 209968 	 202857 
38.247 	 190586 	 136125 	 207484 	 202019 
38.452 	 189369 	 136236 	 206413 	 201069 
38.656 	 190686 	 136739 	 211094 	 205372 
38.861 	 189968 	 136460 	 211756 	 203807 
39.065 	 190983 	 136292 	 209784 	 203192 
39.270 	 193662 	 135901 	 211368 	 202913 
39.474 	 191798 	 136460 	 211584 	 202913 
39.679 	 192184 	 136292 	 210200 	 203136 
39.883 	 191434 	 136571 	 211249 	 203025 
40.088 	 191566 	 136683 	 212683 	 203751 
40.292 	 191527 	 136516 	 212994 	 202745 
40.497 	 193116 	 136181 	 212426 	 202522 
40.701 	 193306 	 136292 	 211843 	 202466 
40.906 	 191618 	 136571 	 208623 	 202522 
41.111 	 191826 	 136292 	 209807 	 202913 
41.315 	 193381 	 136627 	 209439 	 202298 
41.520 	 193084 	 136236 	 208904 	 203192 
41.724 	 190242 	 136125 	 209633 	 202913 
41.929 	 191700 	 136627 	 210386 	 202633 
42.133 	 192155 	 136516 	 208981 	 202410 
42.338 	 192692 	 136516 	 211093 	 204142 
42.542 	 191295 	 136460 	 212102 	 205707 
42.747 	 192171 	 136292 	 210961 	 204534 
42.951 	 191042 	 136739 	 208442 	 202578 
43.156 	 194345 	 136516 	 209805 	 202466 
43.360 	 189599 	 136571 	 210181 	 203639 
43.565 	 191496 	 136739 	 209168 	 203081 
43.769 	 191152 	 136069 	 211216 	 204645 
43.974 	 192266 	 136460 	 210392 	 204310 
44.178 	 192966 	 136460 	 207668 	 204031 
44.383 	 190525 	 136460 	 209481 	 204198 
44.588 	 193625 	 136460 	 209934 	 203528 
44.792 	 192945 	 136683 	 210242 	 204701 
44.997 	 192199 	 136739 	 209225 	 204925 
45.201 	 192723 	 136516 	 210832 	 205260 
45.406 	 192632 	 136851 	 210173 	 204534 
45.610 	 192239 	 136404 	 210210 	 204478 
45.815 	 191187 	 136571 	 214522 	 205428 
46.019 	 193146 	 136348 	 211966 	 205651 
46.224 	 191333 	 136460 	 210351 	 205036 
46.428 	 191773 	 136460 	 217048 	 208110 
46.633 	 192578 	 136516 	 211602 	 204981 
46.837 	 191998 	 136460 	 214057 	 205651 
47.042 	 192769 	 136292 	 214824 	 205148 
47.246 	 193342 	 135901 	 211136 	 204366 
47.451 	 190213 	 136348 	 214061 	 205092 
47.655 	 190357 	 136404 	 214586 	 205428 
47.860 	 192438 	 136739 	 213294 	 205148 
48.065 	 192768 	 136181 	 211240 	 204366 
48.269 	 191897 	 136125 	 210570 	 205204 
48.474 	 192529 	 136404 	 213047 	 205484 
48.678 	 193400 	 136571 	 212096 	 205036 
48.883 	 192102 	 136516 	 211031 	 204813 
49.087 	 190881 	 136069 	 211601 	 203863 
49.292 	 192335 	 136404 	 211976 	 203975 
49.496 	 193335 	 136795 	 213054 	 204142 
49.701 	 191625 	 136460 	 212054 	 203025 
49.905 	 192381 	 136516 	 213989 	 203695 
50.110 	 191180 	 136571 	 212705 	 204310 
50.314 	 191345 	 136292 	 212553 	 203472 
50.519 	 191632 	 136236 	 211342 	 205595 
50.723 	 191293 	 136460 	 214161 	 205763 
50.928 	 191351 	 136404 	 212622 	 205651 
51.132 	 192938 	 136460 	 213954 	 206936 
51.337 	 191995 	 136292 	 210709 	 204366 
51.542 	 190074 	 136125 	 208812 	 202801 
51.746 	 192830 	 136181 	 211623 	 205539 
51.951 	 192487 	 136292 	 215738 	 206266 
52.155 	 189811 	 136069 	 212361 	 205428 
52.360 	 194145 	 136125 	 210846 	 205595 
52.564 	 191239 	 136404 	 212715 	 204478 
52.769 	 190500 	 136404 	 215614 	 207887 
52.973 	 191306 	 136404 	 212878 	 206042 
53.178 	 189915 	 136516 	 214140 	 204589 
53.382 	 192268 	 136627 	 212904 	 205372 
53.587 	 192093 	 136292 	 212903 	 204869 
53.791 	 192623 	 136236 	 211265 	 204254 
53.996 	 190899 	 136125 	 212876 	 205148 
54.200 	 193883 	 136627 	 212491 	 205372 
54.405 	 193201 	 136460 	 213950 	 204645 
54.610 	 190430 	 136683 	 213538 	 206601 
54.814 	 193035 	 136627 	 214286 	 205819 
55.019 	 191258 	 136739 	 213665 	 205484 
55.223 	 194715 	 136292 	 213955 	 205428 
55.428 	 194350 	 136460 	 212252 	 205260 
55.632 	 196124 	 136851 	 212089 	 205260 
55.837 	 191585 	 136292 	 212168 	 205986 
56.041 	 189353 	 136069 	 213785 	 207160 
56.246 	 190743 	 136404 	 213621 	 205986 
56.450 	 192182 	 136516 	 214555 	 205316 
56.655 	 192666 	 136404 	 215812 	 205707 
56.859 	 192315 	 136404 	 213015 	 205819 
57.064 	 193535 	 136292 	 211388 	 204869 
57.268 	 193660 	 136348 	 213059 	 204422 
57.473 	 192192 	 136739 	 212161 	 204534 
57.677 	 192817 	 136516 	 211288 	 203416 
57.882 	 190448 	 136683 	 214532 	 206378 
58.087 	 195598 	 136125 	 208804 	 203639 
58.291 	 190059 	 136460 	 206994 	 203472 
58.496 	 192606 	 136404 	 213870 	 205707 
58.700 	 192309 	 136348 	 210873 	 204925 
58.905 	 192295 	 136404 	 210311 	 205036 
59.109 	 191947 	 136348 	 210293 	 204086 
59.314 	 188439 	 136404 	 211793 	 201907 
59.518 	 191883 	 136516 	 212250 	 204366 
59.723 	 195709 	 136516 	 211505 	 205036 
59.927 	 192154 	 136906 	 213335 	 205875 
60.132 	 192863 	 136125 	 210418 	 205595 
60.336 	 191601 	 136404 	 210848 	 204925 
60.541 	 189256 	 136292 	 212528 	 205316 
60.745 	 193295 	 136460 	 210814 	 204925 
60.950 	 193425 	 136739 	 212042 	 204869 
61.154 	 192096 	 136571 	 210326 	 204534 
61.359 	 190841 	 136404 	 210309 	 205931 
61.564 	 193026 	 136348 	 210453 	 204981 
61.768 	 190495 	 136125 	 209475 	 205931 
61.973 	 188567 	 136013 	 210955 	 205372 
62.177 	 192261 	 136795 	 212360 	 204589 
62.382 	 192707 	 136571 	 212440 	 204534 
62.586 	 191095 	 136516 	 211595 	 205204 
62.791 	 192934 	 136851 	 212371 	 205707 
62.995 	 192923 	 136460 	 212034 	 206992 
63.200 	 191889 	 136460 	 212170 	 204813 
63.404 	 192291 	 136516 	 212893 	 205875 
63.609 	 190437 	 136069 	 213533 	 207216 
63.813 	 191962 	 136571 	 211170 	 206378 
64.018 	 193029 	 136516 	 210692 	 205539 
64.222 	 189879 	 136348 	 212961 	 205316 
64.427 	 192342 	 136627 	 214346 	 207551 
64.631 	 193330 	 136739 	 211447 	 206378 
64.836 	 192174 	 136404 	 211489 	 204366 
65.041 	 191899 	 136851 	 211917 	 204310 
65.245 	 193034 	 136292 	 210942 	 205092 
65.450 	 192498 	 136571 	 210980 	 203472 
65.654 	 190552 	 136181 	 209499 	 203081 
65.859 	 193885 	 136404 	 211976 	 205092 
66.063 	 189348 	 136348 	 211399 	 204813 
66.268 	 189686 	 136236 	 209067 	 203863 
66.472 	 192023 	 136460 	 212054 	 204254 
66.677 	 192264 	 136571 	 210685 	 205428 
66.881 	 193390 	 136348 	 213274 	 205707 
67.086 	 192033 	 136125 	 212083 	 206322 
67.290 	 194288 	 136404 	 211471 	 203919 
67.495 	 193274 	 136125 	 217068 	 207663 
67.699 	 193201 	 136292 	 213615 	 207328 
67.904 	 192331 	 136627 	 211304 	 205260 
68.108 	 192698 	 136181 	 210625 	 205316 
68.313 	 194877 	 136292 	 214026 	 205372 
68.518 	 193187 	 136571 	 214574 	 205707 
68.722 	 194223 	 136571 	 212859 	 206042 
68.927 	 191963 	 136683 	 209884 	 204366 
69.131 	 192782 	 136348 	 213372 	 203863 
69.336 	 194184 	 136516 	 210742 	 203081 
69.540 	 190843 	 136292 	 212219 	 203528 
69.745 	 195669 	 136962 	 211165 	 205092 
69.949 	 191734 	 136795 	 213748 	 205148 
70.154 	 192082 	 136348 	 214498 	 205316 
70.358 	 192279 	 136795 	 214539 	 206489 
70.563 	 192430 	 136460 	 215790 	 206489 
70.767 	 193116 	 136739 	 212827 	 205595 
70.972 	 187675 	 136292 	 213411 	 206434 
71.176 	 185381 	 136739 	 214154 	 206825 
71.381 	 184840 	 136906 	 212867 	 206601 
71.585 	 184102 	 136571 	 214940 	 205763 
71.790 	 187400 	 136292 	 212044 	 205036 
71.995 	 185547 	 136348 	 211493 	 204757 
72.199 	 186837 	 136906 	 211740 	 206489 
72.404 	 187442 	 136404 	 215390 	 206936 
72.608 	 187977 	 136460 	 213651 	 205148 
72.813 	 188722 	 137018 	 211413 	 205484 
