Time [s] 	 CH1 	 BGND1 	 CH2 	 BGND2 
0.000 	 218524 	 135709 	 144148 	 130878 
0.205 	 220222 	 135374 	 144417 	 130710 
0.409 	 219790 	 135262 	 145934 	 130934 
0.614 	 217573 	 135542 	 144770 	 131101 
0.818 	 219496 	 135374 	 145186 	 130934 
1.023 	 216774 	 135318 	 146293 	 130878 
1.227 	 217369 	 135821 	 145992 	 130934 
1.432 	 217904 	 135765 	 145040 	 130934 
1.636 	 217093 	 135206 	 144654 	 131045 
1.841 	 218628 	 135430 	 145044 	 130989 
2.045 	 217267 	 135430 	 145119 	 130934 
2.250 	 215837 	 135374 	 145077 	 130878 
2.454 	 220219 	 135598 	 144447 	 130878 
2.659 	 215350 	 135430 	 143703 	 130878 
2.863 	 214798 	 135542 	 144549 	 130934 
3.068 	 219143 	 135318 	 143862 	 130989 
3.272 	 220413 	 135765 	 144529 	 130934 
3.477 	 221197 	 135262 	 144844 	 130989 
3.682 	 218846 	 135486 	 144723 	 130766 
3.886 	 217003 	 135206 	 144684 	 130822 
4.091 	 217789 	 135653 	 145157 	 130822 
4.295 	 220041 	 135486 	 144582 	 130710 
4.500 	 220194 	 135486 	 145108 	 130989 
4.704 	 220183 	 135430 	 144548 	 130878 
4.909 	 216277 	 135709 	 145914 	 130934 
5.113 	 218348 	 135709 	 145521 	 130878 
5.318 	 219633 	 135318 	 145326 	 130822 
5.522 	 221433 	 135318 	 144763 	 130766 
5.727 	 220611 	 135542 	 144795 	 130989 
5.931 	 219448 	 135653 	 144164 	 130878 
6.136 	 218511 	 135206 	 144388 	 130934 
6.340 	 217176 	 135598 	 144426 	 130989 
6.545 	 216744 	 135486 	 144688 	 130878 
6.749 	 216639 	 135318 	 145754 	 130989 
6.954 	 220736 	 135318 	 146611 	 130878 
7.159 	 227620 	 135933 	 146322 	 131380 
7.363 	 221089 	 135653 	 153273 	 137246 
7.568 	 220068 	 136100 	 165152 	 149870 
7.772 	 223128 	 136268 	 177737 	 163611 
7.977 	 221224 	 137106 	 189234 	 176179 
8.181 	 225959 	 136491 	 198331 	 186122 
8.386 	 224077 	 136883 	 206326 	 192602 
8.590 	 224520 	 136994 	 209752 	 196289 
8.795 	 223665 	 137441 	 213281 	 200646 
8.999 	 229043 	 137106 	 215788 	 201763 
9.204 	 226119 	 137106 	 214673 	 202824 
9.408 	 225607 	 137050 	 218615 	 203271 
9.613 	 225915 	 137497 	 217963 	 204891 
9.817 	 226473 	 136938 	 218259 	 205282 
10.022 	 223499 	 137385 	 216617 	 203886 
10.226 	 227088 	 137330 	 218800 	 207349 
10.431 	 229522 	 137441 	 217131 	 206399 
10.636 	 229899 	 137441 	 221239 	 208410 
10.840 	 225682 	 136938 	 221557 	 208075 
11.045 	 226553 	 136994 	 224033 	 208745 
11.249 	 224753 	 137274 	 222289 	 208634 
11.454 	 228970 	 137609 	 220558 	 208243 
11.658 	 226777 	 137665 	 223832 	 208689 
11.863 	 227297 	 137385 	 225405 	 210533 
12.067 	 232187 	 137777 	 224465 	 209304 
12.272 	 230350 	 137665 	 224704 	 209807 
12.476 	 226510 	 137665 	 223778 	 210142 
12.681 	 229938 	 137330 	 222785 	 211315 
12.885 	 228177 	 137944 	 225055 	 210812 
13.090 	 230224 	 137553 	 225688 	 212264 
13.294 	 227507 	 137497 	 225723 	 212991 
13.499 	 230271 	 136994 	 225342 	 212600 
13.704 	 229856 	 137330 	 224682 	 211929 
13.908 	 229479 	 137106 	 222586 	 212209 
14.113 	 232178 	 137777 	 224664 	 212097 
14.317 	 227978 	 137777 	 224337 	 211371 
14.522 	 226454 	 137441 	 223475 	 210980 
14.726 	 230779 	 137441 	 223801 	 213214 
14.931 	 230623 	 137274 	 226687 	 213158 
15.135 	 228102 	 137665 	 228138 	 212432 
15.340 	 227723 	 137777 	 224090 	 211818 
15.544 	 231176 	 137609 	 224033 	 211706 
15.749 	 227289 	 137330 	 226240 	 211538 
15.953 	 228901 	 138000 	 223365 	 212097 
16.158 	 229392 	 137888 	 226271 	 212655 
16.362 	 231218 	 137330 	 224599 	 212488 
16.567 	 230037 	 137832 	 226583 	 213717 
16.771 	 230291 	 137888 	 226772 	 212655 
16.976 	 231732 	 137721 	 227026 	 212711 
17.181 	 230774 	 137888 	 228370 	 215281 
17.385 	 231888 	 137553 	 225952 	 214108 
17.590 	 227510 	 137609 	 226306 	 213046 
17.794 	 227942 	 137665 	 229142 	 213214 
17.999 	 229756 	 137441 	 226128 	 213773 
18.203 	 228943 	 137330 	 228147 	 214108 
18.408 	 231190 	 137274 	 225759 	 213605 
18.612 	 231108 	 137553 	 225336 	 213773 
18.817 	 230211 	 137888 	 226659 	 214890 
19.021 	 231104 	 138000 	 227295 	 213773 
19.226 	 229805 	 137721 	 225767 	 214387 
19.430 	 231129 	 137497 	 227058 	 213102 
19.635 	 232084 	 137832 	 223038 	 212153 
19.839 	 229126 	 137944 	 223285 	 213382 
20.044 	 231654 	 137944 	 224933 	 213046 
20.248 	 230727 	 137832 	 228253 	 213828 
20.453 	 226751 	 137832 	 223845 	 212879 
20.658 	 229605 	 137721 	 225459 	 214890 
20.862 	 229726 	 137665 	 226402 	 215057 
21.067 	 228854 	 137553 	 227677 	 215392 
21.271 	 231736 	 137609 	 226086 	 214722 
21.476 	 233747 	 137665 	 227876 	 214778 
21.680 	 231720 	 137944 	 224495 	 215392 
21.885 	 228025 	 137777 	 227583 	 215728 
22.089 	 232467 	 137497 	 228937 	 214778 
22.294 	 230030 	 137777 	 227265 	 217012 
22.498 	 232797 	 137888 	 230299 	 215951 
22.703 	 231982 	 137888 	 227114 	 215001 
22.907 	 231432 	 138000 	 229553 	 215895 
23.112 	 231136 	 137665 	 228108 	 214666 
23.316 	 229914 	 137944 	 226858 	 215392 
23.521 	 230174 	 137777 	 228407 	 215560 
23.725 	 232487 	 137665 	 229095 	 215113 
23.930 	 230364 	 137832 	 228869 	 215895 
24.135 	 231787 	 137497 	 225776 	 214443 
24.339 	 231486 	 138056 	 230253 	 216007 
24.544 	 231674 	 137385 	 230034 	 214890 
24.748 	 229302 	 137609 	 230261 	 214555 
24.953 	 230454 	 137665 	 230231 	 216621 
25.157 	 231178 	 138056 	 228396 	 216007 
25.362 	 228418 	 137665 	 227836 	 215225 
25.566 	 230176 	 138447 	 228335 	 215672 
25.771 	 229107 	 137609 	 226980 	 216454 
25.975 	 229734 	 137832 	 225004 	 215616 
26.180 	 227402 	 137553 	 227522 	 213940 
26.384 	 237106 	 137665 	 229120 	 216007 
26.589 	 233433 	 137777 	 227369 	 214890 
26.793 	 229560 	 137441 	 228690 	 215448 
26.998 	 230412 	 137944 	 230344 	 214946 
27.202 	 235015 	 137944 	 230064 	 215113 
27.407 	 229674 	 138056 	 230710 	 216063 
27.612 	 229358 	 137609 	 227450 	 215504 
27.816 	 231811 	 137944 	 228132 	 215337 
28.021 	 231054 	 137832 	 227409 	 216286 
28.225 	 232599 	 137944 	 227709 	 215616 
28.430 	 231459 	 138335 	 228577 	 215672 
28.634 	 231835 	 137721 	 228569 	 217403 
28.839 	 232373 	 137888 	 227471 	 215281 
29.043 	 231255 	 137944 	 229954 	 217571 
29.248 	 232643 	 138168 	 231097 	 217180 
29.452 	 233087 	 137944 	 230663 	 216230 
29.657 	 233308 	 137777 	 231140 	 216230 
29.861 	 229647 	 137832 	 228037 	 215728 
30.066 	 230784 	 138000 	 230888 	 216342 
30.270 	 232923 	 138112 	 229913 	 217348 
30.475 	 229319 	 137944 	 230434 	 217403 
30.679 	 225779 	 138000 	 231582 	 217068 
30.884 	 229757 	 137832 	 232667 	 218241 
31.089 	 231346 	 137832 	 230589 	 217124 
31.293 	 226876 	 138279 	 229197 	 216957 
31.498 	 230252 	 138056 	 231143 	 217794 
31.702 	 231703 	 137888 	 232465 	 218130 
31.907 	 235803 	 138335 	 229520 	 218465 
32.111 	 234634 	 137944 	 229423 	 216621 
32.316 	 232485 	 137777 	 226735 	 216286 
32.520 	 231214 	 137888 	 225979 	 215448 
32.725 	 231111 	 137888 	 230377 	 216901 
32.929 	 233810 	 137777 	 229692 	 217236 
33.134 	 235298 	 137944 	 228861 	 216510 
33.338 	 236776 	 138000 	 230254 	 215784 
33.543 	 232244 	 137665 	 231582 	 216007 
33.747 	 237732 	 138335 	 226941 	 215337 
33.952 	 233540 	 138447 	 229895 	 215839 
34.157 	 237799 	 138670 	 227134 	 214946 
34.361 	 233192 	 138391 	 229151 	 216119 
34.566 	 235638 	 138168 	 229094 	 216510 
34.770 	 236751 	 138000 	 226017 	 215728 
34.975 	 234221 	 138279 	 230463 	 218744 
35.179 	 234178 	 138391 	 230683 	 218856 
35.384 	 237212 	 138335 	 229086 	 218967 
35.588 	 236125 	 138168 	 233708 	 218353 
35.793 	 235382 	 138223 	 233202 	 220308 
35.997 	 237072 	 138056 	 230872 	 218632 
36.202 	 237028 	 138223 	 231036 	 219303 
36.406 	 235531 	 138223 	 231843 	 218632 
36.611 	 238012 	 137944 	 232353 	 217236 
36.815 	 237461 	 138391 	 229583 	 216230 
37.020 	 237725 	 138112 	 232028 	 218912 
37.224 	 233528 	 138112 	 232693 	 217627 
37.429 	 235704 	 138391 	 230273 	 217571 
37.634 	 238992 	 138056 	 228893 	 216677 
37.838 	 236900 	 138335 	 230214 	 218297 
38.043 	 235044 	 138000 	 233657 	 217962 
38.247 	 235165 	 137777 	 228713 	 216957 
38.452 	 237048 	 138168 	 228651 	 217571 
38.656 	 236351 	 138000 	 233929 	 220085 
38.861 	 235261 	 138223 	 232459 	 219750 
39.065 	 235631 	 138000 	 229517 	 217180 
39.270 	 236364 	 138000 	 232385 	 218297 
39.474 	 237616 	 138223 	 232978 	 217515 
39.679 	 238328 	 138112 	 232857 	 218241 
39.883 	 236961 	 137888 	 229566 	 218521 
40.088 	 236422 	 138335 	 231282 	 218744 
40.292 	 237665 	 138615 	 232244 	 217515 
40.497 	 239480 	 138168 	 228169 	 217794 
40.701 	 237600 	 138447 	 230498 	 216901 
40.906 	 238591 	 138447 	 228374 	 217012 
41.111 	 236235 	 138335 	 230893 	 218241 
41.315 	 238450 	 138168 	 232395 	 218688 
41.520 	 237842 	 138056 	 232171 	 216957 
41.724 	 236884 	 138112 	 234012 	 219135 
41.929 	 240388 	 138503 	 232716 	 218185 
42.133 	 235168 	 138391 	 230702 	 218521 
42.338 	 235696 	 138056 	 232976 	 217962 
42.542 	 238861 	 138391 	 235734 	 220420 
42.747 	 238875 	 138223 	 233945 	 220196 
42.951 	 239007 	 138112 	 231132 	 218018 
43.156 	 236921 	 138112 	 231332 	 218130 
43.360 	 238293 	 138335 	 231360 	 218856 
43.565 	 237677 	 138279 	 233675 	 218297 
43.769 	 236113 	 138391 	 232146 	 219638 
43.974 	 235193 	 138279 	 234239 	 220029 
44.178 	 236856 	 138335 	 234272 	 219358 
44.383 	 238697 	 138391 	 234012 	 219191 
44.588 	 237354 	 138782 	 231535 	 219358 
44.792 	 239359 	 138559 	 237022 	 220811 
44.997 	 239009 	 138615 	 232845 	 219750 
45.201 	 233815 	 138503 	 236573 	 220364 
45.406 	 235650 	 138447 	 235834 	 220085 
45.610 	 235040 	 138615 	 234116 	 218185 
45.815 	 237339 	 138223 	 236594 	 219973 
46.019 	 235901 	 138168 	 235723 	 219247 
46.224 	 235332 	 137888 	 233882 	 220811 
46.428 	 237067 	 138279 	 236357 	 220643 
46.633 	 237746 	 138503 	 235158 	 219191 
46.837 	 241329 	 138168 	 235998 	 220196 
47.042 	 235403 	 138335 	 236531 	 219414 
47.246 	 240101 	 138279 	 237671 	 220811 
47.451 	 239708 	 138615 	 235635 	 219694 
47.655 	 235600 	 138950 	 234950 	 220308 
47.860 	 240233 	 138615 	 233626 	 219303 
48.065 	 238689 	 138112 	 238773 	 218688 
48.269 	 236156 	 138168 	 235721 	 220364 
48.474 	 244735 	 138782 	 233662 	 220196 
48.678 	 243447 	 138168 	 233513 	 219805 
48.883 	 242854 	 138559 	 236136 	 220978 
49.087 	 241027 	 138056 	 232923 	 218632 
49.292 	 242142 	 138615 	 234618 	 218856 
49.496 	 240149 	 138391 	 232317 	 218409 
49.701 	 244063 	 138838 	 232838 	 216901 
49.905 	 242402 	 138056 	 233325 	 217794 
50.110 	 240436 	 138279 	 232116 	 219023 
50.314 	 239142 	 138559 	 233255 	 218856 
50.519 	 239535 	 138559 	 232138 	 219750 
50.723 	 238641 	 138279 	 239535 	 220252 
50.928 	 240976 	 138447 	 237486 	 219358 
51.132 	 238714 	 138168 	 236828 	 220978 
51.337 	 242004 	 138056 	 234555 	 219358 
51.542 	 241055 	 138168 	 236287 	 220085 
51.746 	 241061 	 138279 	 237337 	 220587 
51.951 	 240182 	 138391 	 236880 	 221872 
52.155 	 239589 	 138168 	 237984 	 221928 
52.360 	 243561 	 138279 	 237228 	 221593 
52.564 	 239891 	 138168 	 235197 	 219247 
52.769 	 242631 	 138279 	 234333 	 220308 
52.973 	 240672 	 138168 	 234216 	 219694 
53.178 	 237838 	 138559 	 233016 	 219135 
53.382 	 238741 	 138056 	 236708 	 220141 
53.587 	 237253 	 138503 	 235163 	 218130 
53.791 	 239568 	 137609 	 232963 	 218967 
53.996 	 239721 	 138391 	 233412 	 221034 
54.200 	 236289 	 137721 	 235078 	 218967 
54.405 	 241337 	 138447 	 234590 	 220085 
54.610 	 242846 	 137832 	 236287 	 221314 
54.814 	 242118 	 138559 	 236553 	 221090 
55.019 	 244288 	 137944 	 235652 	 219582 
55.223 	 243421 	 138950 	 234161 	 219023 
55.428 	 241886 	 138447 	 234617 	 219526 
55.632 	 244642 	 138559 	 237237 	 219079 
55.837 	 239027 	 138279 	 233588 	 219358 
56.041 	 239919 	 138503 	 235726 	 221202 
56.246 	 240422 	 138447 	 235328 	 221034 
56.450 	 243023 	 138391 	 234971 	 220420 
56.655 	 239001 	 138447 	 234855 	 221369 
56.859 	 241043 	 138391 	 231877 	 221202 
57.064 	 243803 	 138279 	 231004 	 219023 
57.268 	 241944 	 138223 	 235637 	 218856 
57.473 	 236348 	 138615 	 233703 	 220085 
57.677 	 240859 	 138559 	 233071 	 219582 
57.882 	 240476 	 138447 	 235318 	 219694 
58.087 	 240431 	 138503 	 234470 	 219638 
58.291 	 241652 	 138838 	 234537 	 219023 
58.496 	 242332 	 138000 	 233750 	 220196 
58.700 	 240246 	 138559 	 230336 	 219247 
58.905 	 243305 	 138279 	 236086 	 220085 
59.109 	 239875 	 138615 	 236615 	 220643 
59.314 	 237084 	 138447 	 233559 	 218241 
59.518 	 239717 	 138056 	 236635 	 220811 
59.723 	 240867 	 138503 	 238539 	 221090 
59.927 	 241379 	 138670 	 235897 	 220643 
60.132 	 244378 	 138782 	 238382 	 219414 
60.336 	 241581 	 138391 	 236008 	 221314 
60.541 	 240197 	 138279 	 234875 	 220420 
60.745 	 239313 	 137944 	 234852 	 220141 
60.950 	 243702 	 138279 	 236138 	 221258 
61.154 	 242249 	 138223 	 238468 	 221146 
61.359 	 242029 	 138447 	 237647 	 220085 
61.564 	 242697 	 138447 	 238277 	 221816 
61.768 	 239277 	 137944 	 240984 	 221202 
61.973 	 242165 	 138056 	 237463 	 222710 
62.177 	 240813 	 138391 	 236304 	 220811 
62.382 	 244239 	 138447 	 235345 	 219917 
62.586 	 239418 	 138391 	 236035 	 221649 
62.791 	 239251 	 138559 	 238701 	 220978 
62.995 	 239723 	 138503 	 236187 	 221202 
63.200 	 243720 	 138168 	 234031 	 219303 
63.404 	 241769 	 138447 	 238251 	 221314 
63.609 	 240696 	 138279 	 238497 	 221593 
63.813 	 240393 	 138279 	 237903 	 220978 
64.018 	 240822 	 138335 	 237384 	 221816 
64.222 	 241045 	 138447 	 237073 	 220923 
64.427 	 243252 	 138279 	 238637 	 222431 
64.631 	 241543 	 138279 	 236214 	 222766 
64.836 	 242854 	 138168 	 239185 	 220587 
65.041 	 246470 	 138335 	 237606 	 219526 
65.245 	 240071 	 137832 	 231862 	 219470 
65.450 	 239807 	 138503 	 235125 	 218912 
65.654 	 235179 	 137832 	 235080 	 219079 
65.859 	 238230 	 138335 	 235462 	 219470 
66.063 	 239130 	 138335 	 232984 	 220811 
66.268 	 240193 	 138000 	 236361 	 220196 
66.472 	 235964 	 138894 	 235132 	 220196 
66.677 	 241620 	 138447 	 236213 	 219247 
66.881 	 240452 	 138447 	 234514 	 221146 
67.086 	 239854 	 138391 	 237784 	 219694 
67.290 	 236681 	 138168 	 235466 	 219358 
67.495 	 239864 	 138894 	 240824 	 223548 
67.699 	 240168 	 138503 	 239624 	 221593 
67.904 	 240229 	 138279 	 237338 	 220587 
68.108 	 239217 	 138000 	 237216 	 220476 
68.313 	 238923 	 138223 	 236978 	 221593 
68.518 	 237707 	 138559 	 233467 	 220252 
68.722 	 237224 	 138335 	 234433 	 221034 
68.927 	 242084 	 138223 	 236813 	 219191 
69.131 	 238996 	 138503 	 232930 	 219638 
69.336 	 240629 	 137888 	 234257 	 217571 
69.540 	 238329 	 138279 	 232258 	 218241 
69.745 	 237213 	 138223 	 237013 	 220643 
69.949 	 241338 	 138615 	 235048 	 221537 
70.154 	 242477 	 138503 	 237020 	 221202 
70.358 	 240545 	 138335 	 238551 	 220923 
70.563 	 239333 	 138000 	 235178 	 220196 
70.767 	 237788 	 138447 	 236811 	 220476 
70.972 	 235911 	 138391 	 236622 	 221649 
71.176 	 239922 	 138615 	 237554 	 221090 
71.381 	 243899 	 138838 	 239058 	 222654 
71.585 	 241289 	 138670 	 235368 	 221537 
71.790 	 240195 	 138391 	 238964 	 222040 
71.995 	 239722 	 138447 	 237797 	 220755 
72.199 	 241153 	 138391 	 242856 	 224553 
72.404 	 241016 	 138726 	 241507 	 222096 
72.608 	 239922 	 138335 	 237836 	 223045 
72.813 	 239033 	 138335 	 236736 	 220476 
