Time [s] 	 CH1 	 BGND1 	 CH2 	 BGND2 
0.000 	 133683 	 133359 	 170074 	 131066 
0.205 	 133310 	 133526 	 172122 	 131010 
0.409 	 133960 	 133806 	 172390 	 131010 
0.614 	 133880 	 133862 	 170433 	 131122 
0.818 	 133560 	 133750 	 169885 	 131010 
1.023 	 133678 	 133471 	 171285 	 131066 
1.227 	 133647 	 133638 	 170908 	 131010 
1.432 	 133436 	 133471 	 169022 	 130954 
1.636 	 133519 	 133582 	 169497 	 130954 
1.841 	 133449 	 133582 	 169581 	 131122 
2.045 	 133867 	 133471 	 168039 	 131066 
2.250 	 133642 	 133526 	 168959 	 130954 
2.454 	 133606 	 133582 	 168714 	 131010 
2.659 	 133485 	 133694 	 165906 	 131010 
2.863 	 133392 	 133582 	 166484 	 131010 
3.068 	 133679 	 133582 	 168706 	 131122 
3.272 	 133711 	 133638 	 167901 	 131010 
3.477 	 133681 	 133526 	 168811 	 131177 
3.682 	 133636 	 133526 	 166993 	 130898 
3.886 	 133893 	 133750 	 168432 	 131066 
4.091 	 133616 	 133526 	 169280 	 131066 
4.295 	 133491 	 133526 	 165694 	 130898 
4.500 	 133433 	 133750 	 164828 	 131010 
4.704 	 133675 	 133750 	 166082 	 131066 
4.909 	 133439 	 133750 	 170237 	 131122 
5.113 	 134007 	 133582 	 167310 	 131066 
5.318 	 133827 	 133582 	 167252 	 131010 
5.522 	 133838 	 133694 	 167998 	 130898 
5.727 	 133557 	 133582 	 168219 	 131010 
5.931 	 133373 	 133862 	 170033 	 131122 
6.136 	 133724 	 133974 	 166867 	 131010 
6.340 	 133747 	 133582 	 168700 	 131066 
6.545 	 133323 	 133526 	 171248 	 130898 
6.749 	 133477 	 133638 	 168823 	 131066 
6.954 	 133786 	 133526 	 170095 	 131177 
7.159 	 133259 	 133694 	 173944 	 131625 
7.363 	 133954 	 133806 	 178117 	 138052 
7.568 	 134302 	 134253 	 189736 	 151857 
7.772 	 135012 	 134533 	 205513 	 167116 
7.977 	 135096 	 134756 	 218434 	 181089 
8.181 	 135072 	 134868 	 230026 	 190255 
8.386 	 135063 	 135091 	 237490 	 198527 
8.590 	 135089 	 135036 	 240732 	 203222 
8.795 	 135125 	 135091 	 243300 	 205066 
8.999 	 134943 	 135036 	 246583 	 206855 
9.204 	 134632 	 135259 	 243903 	 208587 
9.408 	 135075 	 135036 	 246082 	 209034 
9.613 	 135531 	 135315 	 246455 	 210040 
9.817 	 134848 	 135147 	 245337 	 210655 
10.022 	 135415 	 135371 	 244858 	 210544 
10.226 	 135864 	 135259 	 250555 	 212947 
10.431 	 135184 	 135315 	 247697 	 212388 
10.636 	 135265 	 135539 	 249520 	 214624 
10.840 	 135370 	 135483 	 247664 	 212947 
11.045 	 135255 	 135427 	 251069 	 215741 
11.249 	 135422 	 135594 	 250611 	 214400 
11.454 	 135626 	 135650 	 249767 	 214568 
11.658 	 135537 	 135594 	 247807 	 215909 
11.863 	 135758 	 135539 	 250515 	 217139 
12.067 	 135824 	 135371 	 253973 	 216021 
12.272 	 135236 	 135539 	 248098 	 214400 
12.476 	 135705 	 135594 	 250840 	 217362 
12.681 	 135165 	 135315 	 249273 	 217586 
12.885 	 135498 	 135371 	 254016 	 217754 
13.090 	 135358 	 135427 	 255206 	 219151 
13.294 	 135668 	 135483 	 254414 	 217418 
13.499 	 135595 	 135594 	 252067 	 218480 
13.704 	 135776 	 135483 	 251133 	 217865 
13.908 	 135971 	 135874 	 253507 	 218201 
14.113 	 135352 	 135203 	 253415 	 218592 
14.317 	 135692 	 135762 	 252071 	 218760 
14.522 	 135571 	 135259 	 251101 	 218424 
14.726 	 135238 	 135650 	 256028 	 219933 
14.931 	 135524 	 135259 	 256041 	 219877 
15.135 	 135382 	 135650 	 254950 	 218983 
15.340 	 135750 	 135594 	 250324 	 218201 
15.544 	 136070 	 135650 	 255289 	 220045 
15.749 	 135297 	 135427 	 251903 	 219598 
15.953 	 135363 	 135818 	 251609 	 220604 
16.158 	 135900 	 135650 	 255627 	 220604 
16.362 	 135684 	 135539 	 256910 	 219766 
16.567 	 135763 	 135427 	 255618 	 220157 
16.771 	 135536 	 135539 	 252037 	 221163 
16.976 	 135945 	 135874 	 250908 	 220436 
17.181 	 135543 	 135371 	 251919 	 220436 
17.385 	 135852 	 135427 	 254194 	 221722 
17.590 	 135707 	 135818 	 256120 	 222225 
17.794 	 135560 	 135930 	 253531 	 220380 
17.999 	 135476 	 135762 	 252574 	 221442 
18.203 	 135827 	 135427 	 251907 	 220939 
18.408 	 136097 	 135427 	 253720 	 221275 
18.612 	 135663 	 135706 	 252132 	 219989 
18.817 	 135298 	 135650 	 251041 	 221219 
19.021 	 135712 	 135762 	 255263 	 221666 
19.226 	 135932 	 135818 	 256052 	 219877 
19.430 	 136445 	 135874 	 252481 	 220101 
19.635 	 134952 	 135427 	 245749 	 220101 
19.839 	 135285 	 135706 	 248804 	 219654 
20.044 	 135404 	 135650 	 248606 	 221889 
20.248 	 135776 	 135818 	 251502 	 222169 
20.453 	 136076 	 135371 	 247994 	 221219 
20.658 	 135477 	 135762 	 251108 	 221107 
20.862 	 135774 	 135483 	 255857 	 221834 
21.067 	 136441 	 136042 	 252719 	 223454 
21.271 	 135721 	 135762 	 250721 	 221107 
21.476 	 135887 	 135594 	 252409 	 222169 
21.680 	 135584 	 135427 	 250158 	 221666 
21.885 	 135450 	 135762 	 249812 	 221442 
22.089 	 136107 	 135427 	 250837 	 221554 
22.294 	 135907 	 135930 	 250185 	 222616 
22.498 	 135454 	 135539 	 254476 	 223510 
22.703 	 135517 	 135818 	 249658 	 222840 
22.907 	 136085 	 135762 	 252874 	 223063 
23.112 	 135731 	 135818 	 250726 	 222337 
23.316 	 136339 	 135706 	 252594 	 222504 
23.521 	 135800 	 135650 	 248556 	 222113 
23.725 	 135807 	 135874 	 250348 	 223119 
23.930 	 135452 	 135930 	 248556 	 222393 
24.135 	 135903 	 135762 	 248898 	 222840 
24.339 	 135595 	 135818 	 248309 	 222840 
24.544 	 135870 	 135650 	 249781 	 222784 
24.748 	 135619 	 135483 	 247196 	 221945 
24.953 	 135371 	 135930 	 250385 	 223510 
25.157 	 135938 	 135874 	 245666 	 222225 
25.362 	 135684 	 135594 	 246012 	 223622 
25.566 	 136322 	 135762 	 249040 	 221834 
25.771 	 135744 	 135371 	 249860 	 222784 
25.975 	 135958 	 135930 	 251426 	 222001 
26.180 	 135885 	 136042 	 248717 	 222728 
26.384 	 135406 	 135650 	 246150 	 223510 
26.589 	 135850 	 135762 	 249391 	 223902 
26.793 	 135514 	 135762 	 250911 	 222337 
26.998 	 135803 	 135483 	 252437 	 223343 
27.202 	 136113 	 136042 	 250061 	 223790 
27.407 	 135935 	 135594 	 247922 	 222448 
27.612 	 135638 	 135483 	 248352 	 222728 
27.816 	 136090 	 136097 	 251586 	 222448 
28.021 	 135727 	 135706 	 251462 	 223343 
28.225 	 135919 	 135762 	 249301 	 223622 
28.430 	 135823 	 135930 	 249737 	 223734 
28.634 	 135974 	 135874 	 254422 	 224852 
28.839 	 135772 	 136153 	 250589 	 223510 
29.043 	 135526 	 136153 	 251809 	 225075 
29.248 	 136310 	 135818 	 247943 	 223734 
29.452 	 135858 	 136265 	 249517 	 223790 
29.657 	 135741 	 135874 	 249484 	 224181 
29.861 	 135554 	 136042 	 246581 	 224181 
30.066 	 135532 	 135539 	 254364 	 223902 
30.270 	 135848 	 135650 	 250722 	 224516 
30.475 	 135592 	 136042 	 247659 	 222951 
30.679 	 136131 	 135706 	 252475 	 223622 
30.884 	 135516 	 135986 	 249016 	 224740 
31.089 	 136058 	 135874 	 249900 	 222225 
31.293 	 136116 	 135874 	 250281 	 224405 
31.498 	 136358 	 136042 	 251717 	 224125 
31.702 	 136047 	 135762 	 253627 	 223566 
31.907 	 135842 	 136097 	 250410 	 224069 
32.111 	 136067 	 135818 	 248368 	 223287 
32.316 	 135877 	 136042 	 247840 	 223790 
32.520 	 136138 	 135930 	 245270 	 223957 
32.725 	 136143 	 136153 	 244578 	 223678 
32.929 	 135399 	 135762 	 246743 	 222560 
33.134 	 136074 	 136097 	 247550 	 223734 
33.338 	 136435 	 136153 	 253549 	 223510 
33.543 	 135537 	 136265 	 252542 	 224572 
33.747 	 136594 	 135874 	 250093 	 223343 
33.952 	 136053 	 136321 	 248682 	 222169 
34.157 	 135769 	 135986 	 245118 	 222113 
34.361 	 135800 	 136042 	 248611 	 222672 
34.566 	 136853 	 136433 	 247220 	 224013 
34.770 	 136287 	 136097 	 250411 	 223287 
34.975 	 136232 	 136321 	 249671 	 224572 
35.179 	 136024 	 135930 	 251673 	 223957 
35.384 	 136510 	 135986 	 248573 	 224013 
35.588 	 136115 	 135930 	 248619 	 222281 
35.793 	 136118 	 136042 	 248941 	 225411 
35.997 	 136084 	 136042 	 250009 	 225019 
36.202 	 135989 	 135930 	 251377 	 225914 
36.406 	 136453 	 135818 	 248850 	 225355 
36.611 	 136459 	 135986 	 251419 	 223399 
36.815 	 136588 	 135986 	 250692 	 225019 
37.020 	 135928 	 136377 	 252244 	 225299 
37.224 	 136221 	 136433 	 249471 	 224237 
37.429 	 135879 	 136209 	 246920 	 225411 
37.634 	 136218 	 136209 	 250074 	 225187 
37.838 	 136503 	 136097 	 251822 	 226025 
38.043 	 135962 	 136153 	 250278 	 225131 
38.247 	 136436 	 136042 	 249482 	 224461 
38.452 	 136226 	 136097 	 250093 	 224405 
38.656 	 136338 	 136153 	 251163 	 226193 
38.861 	 136403 	 136265 	 254390 	 225411 
39.065 	 136086 	 136321 	 250865 	 224740 
39.270 	 136289 	 136042 	 248587 	 225522 
39.474 	 136089 	 135818 	 249925 	 225075 
39.679 	 135967 	 136209 	 246603 	 225355 
39.883 	 136341 	 136042 	 249887 	 225187 
40.088 	 136391 	 136042 	 246490 	 225187 
40.292 	 135773 	 136377 	 247733 	 225634 
40.497 	 136128 	 136377 	 246540 	 225802 
40.701 	 136618 	 136321 	 248232 	 224628 
40.906 	 136731 	 136321 	 248217 	 224908 
41.111 	 136082 	 136153 	 248280 	 225411 
41.315 	 136130 	 136153 	 247852 	 225187 
41.520 	 136589 	 136712 	 248411 	 226249 
41.724 	 136662 	 136489 	 248450 	 226417 
41.929 	 136087 	 136042 	 248777 	 224013 
42.133 	 136197 	 136433 	 247314 	 225299 
42.338 	 136506 	 136433 	 250356 	 225802 
42.542 	 136228 	 136153 	 249663 	 225075 
42.747 	 136014 	 136209 	 250828 	 226025 
42.951 	 136385 	 136321 	 250981 	 225187 
43.156 	 136351 	 136545 	 251359 	 225970 
43.360 	 135828 	 136042 	 250298 	 225802 
43.565 	 136391 	 136321 	 250947 	 225187 
43.769 	 136095 	 136321 	 249643 	 225914 
43.974 	 136513 	 136321 	 251689 	 225858 
44.178 	 136174 	 136265 	 244041 	 225355 
44.383 	 136720 	 136321 	 250578 	 226025 
44.588 	 136308 	 136097 	 251809 	 226081 
44.792 	 136601 	 136265 	 249369 	 226640 
44.997 	 137039 	 136265 	 247074 	 226473 
45.201 	 136614 	 136265 	 249004 	 227646 
45.406 	 136389 	 136153 	 251489 	 226193 
45.610 	 136441 	 136433 	 248530 	 225411 
45.815 	 136188 	 136377 	 248262 	 225355 
46.019 	 136509 	 136209 	 250666 	 226584 
46.224 	 136253 	 136489 	 250603 	 228149 
46.428 	 136384 	 136042 	 252653 	 227758 
46.633 	 136248 	 136153 	 250130 	 226305 
46.837 	 136233 	 136153 	 246622 	 226193 
47.042 	 136751 	 136321 	 244485 	 227423 
47.246 	 136516 	 136601 	 245914 	 226193 
47.451 	 136606 	 136656 	 246405 	 226361 
47.655 	 136354 	 136377 	 248959 	 227199 
47.860 	 136337 	 136153 	 249497 	 226417 
48.065 	 136473 	 136489 	 250971 	 226137 
48.269 	 135997 	 136153 	 250900 	 227479 
48.474 	 136415 	 136377 	 247449 	 226864 
48.678 	 136279 	 136768 	 248538 	 227199 
48.883 	 136903 	 135986 	 251304 	 226528 
49.087 	 136134 	 135930 	 244196 	 225578 
49.292 	 136405 	 136265 	 247679 	 226249 
49.496 	 137203 	 136377 	 249664 	 226137 
49.701 	 136910 	 136601 	 244262 	 224237 
49.905 	 135953 	 136321 	 245867 	 225467 
50.110 	 136520 	 136265 	 249013 	 227590 
50.314 	 136945 	 135818 	 250466 	 227479 
50.519 	 136417 	 136321 	 249904 	 227087 
50.723 	 136166 	 136097 	 249348 	 227311 
50.928 	 137159 	 136377 	 251173 	 226584 
51.132 	 136533 	 136265 	 254249 	 227814 
51.337 	 135990 	 136153 	 248016 	 227032 
51.542 	 136189 	 136377 	 249421 	 225914 
51.746 	 136752 	 136433 	 250796 	 228205 
51.951 	 136437 	 136265 	 250869 	 228317 
52.155 	 136248 	 135874 	 254054 	 228764 
52.360 	 136377 	 136265 	 248559 	 227814 
52.564 	 136588 	 136377 	 247407 	 226473 
52.769 	 136496 	 136433 	 253288 	 227982 
52.973 	 136786 	 136768 	 248541 	 225578 
53.178 	 136379 	 136433 	 246272 	 226137 
53.382 	 136321 	 136321 	 249570 	 226193 
53.587 	 136739 	 136321 	 247149 	 225914 
53.791 	 136386 	 136377 	 247109 	 225970 
53.996 	 136316 	 136489 	 249363 	 225802 
54.200 	 136684 	 136545 	 249219 	 226864 
54.405 	 136078 	 136433 	 247763 	 225914 
54.610 	 136554 	 136321 	 249780 	 226752 
54.814 	 136234 	 136209 	 248005 	 227870 
55.019 	 136700 	 136601 	 250571 	 227702 
55.223 	 136902 	 136768 	 249689 	 225299 
55.428 	 136042 	 136042 	 245918 	 226193 
55.632 	 136559 	 136545 	 246686 	 225858 
55.837 	 136286 	 135986 	 245431 	 226417 
56.041 	 136574 	 136545 	 251145 	 227926 
56.246 	 136266 	 136377 	 247012 	 227199 
56.450 	 136089 	 136489 	 255765 	 226417 
56.655 	 136933 	 136433 	 248198 	 227926 
56.859 	 136618 	 136712 	 246807 	 227032 
57.064 	 136960 	 136545 	 245238 	 226249 
57.268 	 136398 	 136768 	 249850 	 226137 
57.473 	 136920 	 136489 	 246802 	 226696 
57.677 	 136502 	 136433 	 249384 	 226361 
57.882 	 136254 	 136433 	 246408 	 225802 
58.087 	 136287 	 136209 	 248539 	 227870 
58.291 	 136359 	 136768 	 244174 	 227814 
58.496 	 136764 	 136321 	 250191 	 226417 
58.700 	 136111 	 136377 	 246206 	 228429 
58.905 	 136462 	 136042 	 248003 	 227199 
59.109 	 136138 	 136377 	 247353 	 226752 
59.314 	 136493 	 136489 	 247285 	 225914 
59.518 	 136450 	 136377 	 249774 	 228093 
59.723 	 136171 	 136153 	 247374 	 227926 
59.927 	 136829 	 136377 	 251521 	 227423 
60.132 	 136202 	 136153 	 248783 	 228485 
60.336 	 136552 	 136433 	 254894 	 228652 
60.541 	 136861 	 136433 	 252121 	 227255 
60.745 	 136370 	 136489 	 249151 	 227870 
60.950 	 136553 	 136209 	 249122 	 228596 
61.154 	 137053 	 136321 	 245913 	 227702 
61.359 	 136466 	 136321 	 252484 	 226640 
61.564 	 136291 	 136377 	 246483 	 227590 
61.768 	 135952 	 136042 	 250229 	 228261 
61.973 	 136517 	 136321 	 249799 	 227479 
62.177 	 136049 	 136209 	 249556 	 227758 
62.382 	 137007 	 136712 	 248668 	 227423 
62.586 	 136737 	 136321 	 249650 	 227199 
62.791 	 136489 	 136433 	 247589 	 227814 
62.995 	 136437 	 136489 	 249968 	 228820 
63.200 	 136647 	 136433 	 248585 	 226640 
63.404 	 135668 	 136545 	 250002 	 227143 
63.609 	 136455 	 136321 	 248698 	 228876 
63.813 	 135943 	 136265 	 246566 	 228317 
64.018 	 135883 	 136209 	 247501 	 226081 
64.222 	 137002 	 136433 	 247737 	 227311 
64.427 	 136381 	 136321 	 251735 	 229211 
64.631 	 136677 	 136545 	 248137 	 228541 
64.836 	 136138 	 136209 	 248540 	 227367 
65.041 	 136115 	 136489 	 245559 	 225970 
65.245 	 136600 	 136265 	 244100 	 226528 
65.450 	 136635 	 136265 	 244668 	 225411 
65.654 	 136562 	 136209 	 248015 	 224796 
65.859 	 136213 	 136265 	 241957 	 226137 
66.063 	 136367 	 136489 	 249146 	 227758 
66.268 	 136656 	 136097 	 249368 	 226864 
66.472 	 136238 	 136209 	 247290 	 228317 
66.677 	 136293 	 136265 	 245628 	 227646 
66.881 	 136541 	 136321 	 248622 	 227758 
67.086 	 136787 	 136209 	 244543 	 228652 
67.290 	 136059 	 136545 	 244632 	 228093 
67.495 	 136369 	 136097 	 249587 	 230161 
67.699 	 136471 	 136321 	 248470 	 228708 
67.904 	 136472 	 136377 	 247651 	 227590 
68.108 	 136036 	 136601 	 248536 	 227535 
68.313 	 136763 	 136321 	 249384 	 229267 
68.518 	 136712 	 136377 	 249367 	 228317 
68.722 	 136223 	 136489 	 249114 	 227926 
68.927 	 136549 	 136377 	 246085 	 225858 
69.131 	 136589 	 136656 	 247266 	 227087 
69.336 	 136555 	 136545 	 243153 	 226640 
69.540 	 136082 	 136265 	 245141 	 225746 
69.745 	 136823 	 136265 	 244089 	 226920 
69.949 	 136496 	 136265 	 247204 	 227814 
70.154 	 136380 	 136433 	 248128 	 228876 
70.358 	 136638 	 136489 	 249440 	 227311 
70.563 	 136620 	 136153 	 249544 	 229211 
70.767 	 137332 	 136377 	 247305 	 227926 
70.972 	 136423 	 136209 	 245409 	 228373 
71.176 	 136910 	 136377 	 246830 	 227646 
71.381 	 136112 	 136433 	 247344 	 228932 
71.585 	 136577 	 136265 	 246726 	 229714 
71.790 	 136807 	 136601 	 247446 	 229323 
71.995 	 136746 	 136433 	 245525 	 228038 
72.199 	 136580 	 136377 	 245546 	 229603 
72.404 	 136562 	 136712 	 247152 	 229044 
72.608 	 136672 	 136489 	 245856 	 227982 
72.813 	 137134 	 136489 	 244629 	 227143 
