Time [s] 	 CH1 	 BGND1 	 CH2 	 BGND2 
0.000 	 132641 	 131584 	 147070 	 130548 
0.205 	 132701 	 131640 	 147352 	 130715 
0.409 	 133143 	 131975 	 148241 	 130659 
0.614 	 132966 	 131975 	 145670 	 130603 
0.818 	 132950 	 131920 	 148271 	 130603 
1.023 	 132671 	 131752 	 147257 	 130603 
1.227 	 132765 	 131696 	 147512 	 130659 
1.432 	 132550 	 131808 	 147840 	 130603 
1.636 	 132723 	 131920 	 147794 	 130548 
1.841 	 132792 	 131752 	 146905 	 130659 
2.045 	 132938 	 131864 	 147453 	 130659 
2.250 	 132965 	 131808 	 147638 	 130548 
2.454 	 133432 	 131752 	 147176 	 130659 
2.659 	 132554 	 131752 	 147186 	 130659 
2.863 	 133079 	 131752 	 145668 	 130492 
3.068 	 132904 	 131752 	 146029 	 130436 
3.272 	 132903 	 131696 	 145780 	 130492 
3.477 	 133307 	 131975 	 146133 	 130603 
3.682 	 132634 	 131864 	 146676 	 130603 
3.886 	 132555 	 131864 	 146581 	 130548 
4.091 	 132754 	 131808 	 147911 	 130659 
4.295 	 132677 	 131640 	 145729 	 130603 
4.500 	 133143 	 131752 	 146050 	 130659 
4.704 	 132835 	 131864 	 146598 	 130715 
4.909 	 132928 	 131808 	 147200 	 130603 
5.113 	 132974 	 131920 	 146685 	 130659 
5.318 	 132612 	 131752 	 146052 	 130492 
5.522 	 132952 	 131696 	 146524 	 130548 
5.727 	 133058 	 131864 	 144981 	 130603 
5.931 	 132450 	 131752 	 145614 	 130603 
6.136 	 132810 	 131864 	 146200 	 130548 
6.340 	 132886 	 132031 	 144991 	 130548 
6.545 	 132687 	 131752 	 145647 	 130603 
6.749 	 133211 	 131808 	 145689 	 130548 
6.954 	 133144 	 131920 	 144637 	 130548 
7.159 	 132960 	 132031 	 146060 	 130939 
7.363 	 132956 	 132143 	 150795 	 137310 
7.568 	 133217 	 132311 	 166479 	 152343 
7.772 	 133565 	 132534 	 180381 	 167823 
7.977 	 133986 	 132926 	 197791 	 181682 
8.181 	 134266 	 132926 	 207071 	 193139 
8.386 	 134352 	 133038 	 212551 	 199957 
8.590 	 134571 	 133317 	 222364 	 205042 
8.795 	 134098 	 133149 	 223602 	 209401 
8.999 	 134214 	 133149 	 223050 	 211860 
9.204 	 134279 	 133261 	 224441 	 211525 
9.408 	 134622 	 133093 	 229389 	 213872 
9.613 	 134588 	 133317 	 228357 	 215213 
9.817 	 134371 	 133038 	 229676 	 215549 
10.022 	 134742 	 133317 	 230242 	 216164 
10.226 	 134667 	 133317 	 232167 	 216108 
10.431 	 134219 	 133485 	 230379 	 216555 
10.636 	 134733 	 133261 	 230543 	 217058 
10.840 	 135156 	 133205 	 229716 	 217672 
11.045 	 134217 	 133317 	 232415 	 219293 
11.249 	 134930 	 133317 	 230729 	 218120 
11.454 	 134117 	 133429 	 236955 	 218734 
11.658 	 134540 	 133261 	 232370 	 220634 
11.863 	 135262 	 133093 	 234313 	 221249 
12.067 	 134973 	 133485 	 233117 	 222031 
12.272 	 134776 	 133597 	 233121 	 220243 
12.476 	 135002 	 133485 	 235437 	 221752 
12.681 	 134837 	 133597 	 235985 	 222255 
12.885 	 134870 	 133317 	 232933 	 222870 
13.090 	 134470 	 133597 	 237095 	 223037 
13.294 	 134452 	 133205 	 236170 	 222087 
13.499 	 134807 	 133429 	 235296 	 222311 
13.704 	 134667 	 133373 	 236537 	 223205 
13.908 	 134311 	 133429 	 240812 	 224882 
14.113 	 134639 	 133429 	 237912 	 223596 
14.317 	 134632 	 133429 	 236640 	 222479 
14.522 	 134702 	 133541 	 235445 	 223205 
14.726 	 134557 	 133373 	 237228 	 223093 
14.931 	 134689 	 133429 	 236207 	 223987 
15.135 	 134842 	 133541 	 235811 	 223149 
15.340 	 134603 	 133261 	 234173 	 221640 
15.544 	 134472 	 133429 	 239131 	 223317 
15.749 	 134595 	 133597 	 233424 	 223373 
15.953 	 135399 	 133261 	 235239 	 223764 
16.158 	 134476 	 133317 	 235671 	 224770 
16.362 	 134261 	 133597 	 237359 	 223876 
16.567 	 134583 	 133541 	 238471 	 224490 
16.771 	 134659 	 133373 	 237610 	 224379 
16.976 	 135232 	 133652 	 240005 	 224826 
17.181 	 134491 	 133597 	 240782 	 227061 
17.385 	 134615 	 133429 	 237101 	 226446 
17.590 	 134948 	 133485 	 236207 	 225273 
17.794 	 135137 	 133373 	 238458 	 224882 
17.999 	 135644 	 133485 	 239571 	 225664 
18.203 	 134647 	 133317 	 238458 	 225161 
18.408 	 134456 	 133485 	 239583 	 227341 
18.612 	 135611 	 133652 	 240435 	 228402 
18.817 	 134886 	 133541 	 240175 	 225608 
19.021 	 134387 	 133485 	 237897 	 226223 
19.226 	 134902 	 133652 	 237448 	 225608 
19.430 	 134799 	 133485 	 239376 	 225664 
19.635 	 134582 	 133317 	 236919 	 222758 
19.839 	 134833 	 133597 	 236144 	 224099 
20.044 	 134652 	 133429 	 238644 	 225999 
20.248 	 134257 	 133149 	 239257 	 226893 
20.453 	 134524 	 133708 	 235709 	 226893 
20.658 	 135111 	 133597 	 238518 	 227173 
20.862 	 134772 	 133541 	 238114 	 226335 
21.067 	 134716 	 133429 	 236580 	 226502 
21.271 	 134916 	 133652 	 238192 	 226782 
21.476 	 134723 	 133597 	 237555 	 227396 
21.680 	 134731 	 133597 	 239169 	 227117 
21.885 	 135185 	 133485 	 238592 	 227285 
22.089 	 134664 	 133373 	 239363 	 228738 
22.294 	 135133 	 133597 	 239645 	 228738 
22.498 	 134911 	 133764 	 241992 	 228682 
22.703 	 134847 	 133652 	 241268 	 228626 
22.907 	 135005 	 133485 	 237420 	 227061 
23.112 	 135012 	 133429 	 239281 	 227005 
23.316 	 135410 	 133597 	 242669 	 227620 
23.521 	 134994 	 133541 	 240749 	 228179 
23.725 	 134719 	 133708 	 237661 	 228402 
23.930 	 134716 	 133652 	 238463 	 227564 
24.135 	 134957 	 133652 	 237991 	 226391 
24.339 	 135145 	 133429 	 240590 	 227899 
24.544 	 134335 	 133652 	 237036 	 227564 
24.748 	 134448 	 133429 	 240246 	 228682 
24.953 	 134716 	 133708 	 238519 	 227732 
25.157 	 134422 	 133429 	 236461 	 228905 
25.362 	 135003 	 133541 	 239930 	 228123 
25.566 	 135221 	 133708 	 238493 	 226893 
25.771 	 134746 	 133652 	 238480 	 226055 
25.975 	 134731 	 133652 	 237708 	 227508 
26.180 	 135273 	 133541 	 237775 	 225832 
26.384 	 135204 	 133541 	 238866 	 227285 
26.589 	 134957 	 133876 	 239968 	 228626 
26.793 	 135160 	 133597 	 240794 	 227955 
26.998 	 135197 	 133820 	 243853 	 228179 
27.202 	 135129 	 133541 	 240525 	 228682 
27.407 	 135121 	 133597 	 242170 	 229017 
27.612 	 134872 	 133541 	 238992 	 227341 
27.816 	 134942 	 133988 	 241073 	 227396 
28.021 	 135309 	 133597 	 240484 	 228291 
28.225 	 134522 	 133708 	 238195 	 228514 
28.430 	 135497 	 133932 	 239262 	 227229 
28.634 	 134936 	 133764 	 240173 	 228570 
28.839 	 135239 	 133932 	 239003 	 227844 
29.043 	 135302 	 133597 	 240039 	 229352 
29.248 	 134969 	 133597 	 238516 	 227508 
29.452 	 135290 	 133820 	 239994 	 228458 
29.657 	 135228 	 133764 	 240188 	 227341 
29.861 	 135298 	 133820 	 238988 	 227396 
30.066 	 135189 	 133876 	 240495 	 228179 
30.270 	 134961 	 133764 	 242384 	 229967 
30.475 	 135590 	 133764 	 240684 	 229744 
30.679 	 135187 	 134044 	 241181 	 230079 
30.884 	 135036 	 133876 	 241752 	 229241 
31.089 	 135409 	 133597 	 239360 	 229408 
31.293 	 134757 	 133597 	 241760 	 227844 
31.498 	 135047 	 133764 	 240779 	 228570 
31.702 	 135222 	 133820 	 238744 	 228067 
31.907 	 134818 	 133764 	 240340 	 228626 
32.111 	 135180 	 133708 	 240284 	 228235 
32.316 	 135014 	 133876 	 240466 	 228402 
32.520 	 135407 	 133708 	 242019 	 229408 
32.725 	 135244 	 133764 	 237863 	 227229 
32.929 	 134763 	 133485 	 240913 	 228682 
33.134 	 135007 	 133541 	 242191 	 228738 
33.338 	 135386 	 133988 	 242769 	 227676 
33.543 	 135242 	 133652 	 239626 	 228905 
33.747 	 135301 	 133876 	 239086 	 228514 
33.952 	 135586 	 133708 	 242611 	 228570 
34.157 	 135006 	 133932 	 240939 	 228235 
34.361 	 135285 	 133932 	 242306 	 228738 
34.566 	 135021 	 133820 	 237392 	 227844 
34.770 	 134892 	 133820 	 240440 	 228514 
34.975 	 135461 	 133932 	 243415 	 229408 
35.179 	 135213 	 133764 	 241845 	 230917 
35.384 	 135470 	 133932 	 243379 	 230805 
35.588 	 135312 	 133876 	 239769 	 228905 
35.793 	 135016 	 133988 	 240413 	 229855 
35.997 	 135527 	 133764 	 242674 	 230247 
36.202 	 134903 	 133988 	 241353 	 229855 
36.406 	 134824 	 133820 	 239269 	 228402 
36.611 	 135554 	 133988 	 242976 	 228794 
36.815 	 135327 	 133932 	 239365 	 228961 
37.020 	 135265 	 133932 	 241772 	 229241 
37.224 	 134778 	 133708 	 238180 	 227899 
37.429 	 135381 	 133876 	 242511 	 229129 
37.634 	 135462 	 133820 	 240477 	 229129 
37.838 	 135356 	 134044 	 243497 	 229967 
38.043 	 135437 	 133932 	 241427 	 230526 
38.247 	 135442 	 133932 	 242939 	 229073 
38.452 	 135801 	 133708 	 243104 	 230805 
38.656 	 135570 	 133764 	 242807 	 230805 
38.861 	 135830 	 134044 	 241588 	 230750 
39.065 	 135355 	 133876 	 239427 	 230191 
39.270 	 135999 	 134044 	 243061 	 230750 
39.474 	 135215 	 134100 	 237703 	 228514 
39.679 	 135366 	 134211 	 242070 	 228626 
39.883 	 135387 	 134267 	 239917 	 229855 
40.088 	 135028 	 134044 	 242175 	 230861 
40.292 	 136032 	 133988 	 240369 	 229520 
40.497 	 135623 	 134044 	 240359 	 230135 
40.701 	 135577 	 133932 	 244078 	 231532 
40.906 	 135648 	 134044 	 240799 	 229241 
41.111 	 135960 	 133932 	 244442 	 230694 
41.315 	 135169 	 134044 	 242698 	 229799 
41.520 	 135574 	 133932 	 239806 	 229799 
41.724 	 135370 	 134155 	 239964 	 229073 
41.929 	 135743 	 133988 	 241553 	 229576 
42.133 	 135651 	 134100 	 240621 	 231588 
42.338 	 135120 	 133932 	 244499 	 230191 
42.542 	 135380 	 133876 	 240214 	 230917 
42.747 	 135740 	 133988 	 240629 	 230526 
42.951 	 135260 	 134155 	 243843 	 229799 
43.156 	 135923 	 133988 	 241021 	 228346 
43.360 	 135688 	 134100 	 243096 	 229967 
43.565 	 135104 	 133876 	 239968 	 230247 
43.769 	 135369 	 133932 	 240738 	 229576 
43.974 	 135123 	 133764 	 240596 	 229744 
44.178 	 135800 	 134100 	 243997 	 230638 
44.383 	 135245 	 134155 	 241904 	 229297 
44.588 	 135485 	 134155 	 241841 	 230023 
44.792 	 135067 	 133988 	 243133 	 231253 
44.997 	 136311 	 134267 	 244743 	 231700 
45.201 	 135375 	 133764 	 244799 	 231755 
45.406 	 135515 	 134155 	 244020 	 231029 
45.610 	 135908 	 134267 	 242058 	 230526 
45.815 	 135032 	 134379 	 242831 	 230805 
46.019 	 135704 	 134155 	 240802 	 229632 
46.224 	 135650 	 134100 	 243934 	 229744 
46.428 	 135602 	 133820 	 243443 	 232035 
46.633 	 135382 	 134044 	 244028 	 230302 
46.837 	 134896 	 134100 	 246994 	 231755 
47.042 	 135776 	 134211 	 242019 	 229911 
47.246 	 134920 	 133764 	 243250 	 231532 
47.451 	 135749 	 133876 	 242970 	 231923 
47.655 	 134987 	 134044 	 245085 	 231085 
47.860 	 135726 	 134044 	 244181 	 231420 
48.065 	 136093 	 134155 	 245521 	 232650 
48.269 	 135204 	 134044 	 241284 	 230414 
48.474 	 135562 	 134100 	 241061 	 231141 
48.678 	 135714 	 134435 	 239459 	 230694 
48.883 	 135447 	 134211 	 241979 	 231308 
49.087 	 135624 	 134044 	 243931 	 230805 
49.292 	 135355 	 134044 	 240283 	 230638 
49.496 	 135725 	 134211 	 244003 	 231029 
49.701 	 135494 	 134379 	 244182 	 229744 
49.905 	 135307 	 133876 	 240863 	 231141 
50.110 	 135461 	 134267 	 237754 	 231029 
50.314 	 135653 	 134211 	 238555 	 227396 
50.519 	 135340 	 133988 	 240801 	 231253 
50.723 	 135827 	 134155 	 242556 	 230750 
50.928 	 135441 	 133820 	 242251 	 230861 
51.132 	 135760 	 134435 	 241223 	 230805 
51.337 	 135563 	 133876 	 242426 	 229185 
51.542 	 135420 	 134155 	 240799 	 229688 
51.746 	 135031 	 134044 	 246742 	 232203 
51.951 	 135561 	 133876 	 246391 	 233544 
52.155 	 135099 	 134100 	 241420 	 231755 
52.360 	 135386 	 134267 	 243950 	 232314 
52.564 	 135512 	 134044 	 240714 	 230526 
52.769 	 135191 	 134211 	 243263 	 232203 
52.973 	 135731 	 133988 	 242116 	 231476 
53.178 	 135348 	 134100 	 242532 	 232370 
53.382 	 135456 	 133932 	 240328 	 231029 
53.587 	 135489 	 133988 	 240439 	 232091 
53.791 	 134917 	 134211 	 239516 	 231420 
53.996 	 135186 	 134044 	 241790 	 231811 
54.200 	 135035 	 134100 	 241154 	 231979 
54.405 	 135613 	 134435 	 239140 	 231979 
54.610 	 135760 	 134155 	 240727 	 233935 
54.814 	 135390 	 134267 	 241319 	 231700 
55.019 	 135734 	 134155 	 240091 	 232147 
55.223 	 135494 	 134044 	 239335 	 230414 
55.428 	 135261 	 134100 	 242543 	 232761 
55.632 	 135567 	 134044 	 239397 	 231923 
55.837 	 136229 	 134267 	 242244 	 231029 
56.041 	 135775 	 134323 	 241230 	 232482 
56.246 	 135778 	 134155 	 240275 	 232929 
56.450 	 135345 	 134044 	 241877 	 231588 
56.655 	 135763 	 134211 	 243908 	 231700 
56.859 	 135624 	 134211 	 240811 	 232035 
57.064 	 135447 	 134100 	 240460 	 231811 
57.268 	 135004 	 134044 	 239224 	 232650 
57.473 	 135699 	 134100 	 240850 	 231979 
57.677 	 135615 	 134211 	 240714 	 230358 
57.882 	 135226 	 133988 	 241268 	 232370 
58.087 	 136200 	 134267 	 241123 	 233153 
58.291 	 135610 	 134100 	 241805 	 231476 
58.496 	 134911 	 134100 	 241673 	 230861 
58.700 	 136086 	 134044 	 240828 	 230750 
58.905 	 134895 	 133988 	 244350 	 231420 
59.109 	 135302 	 134211 	 242323 	 232594 
59.314 	 135245 	 134044 	 239196 	 229855 
59.518 	 134860 	 134100 	 240604 	 230582 
59.723 	 135772 	 133988 	 240141 	 230302 
59.927 	 135179 	 134044 	 242620 	 232091 
60.132 	 135673 	 134267 	 239720 	 231811 
60.336 	 135269 	 134267 	 237548 	 231308 
60.541 	 135306 	 134044 	 239016 	 230414 
60.745 	 134988 	 133988 	 240298 	 229688 
60.950 	 135330 	 134100 	 239727 	 232929 
61.154 	 135553 	 134323 	 237954 	 231420 
61.359 	 135327 	 133820 	 242348 	 231141 
61.564 	 135838 	 134100 	 240323 	 231197 
61.768 	 135234 	 134100 	 239944 	 231476 
61.973 	 135139 	 134100 	 240714 	 231867 
62.177 	 135266 	 134155 	 243747 	 231588 
62.382 	 134930 	 133932 	 241839 	 232482 
62.586 	 135276 	 134211 	 242839 	 233320 
62.791 	 134858 	 134155 	 242054 	 233041 
62.995 	 134994 	 133932 	 240904 	 230638 
63.200 	 135607 	 134155 	 239630 	 233097 
63.404 	 135506 	 134267 	 242266 	 231476 
63.609 	 135421 	 134044 	 237520 	 231420 
63.813 	 135266 	 134100 	 243822 	 232426 
64.018 	 135584 	 133988 	 242616 	 233488 
64.222 	 135107 	 133988 	 241130 	 233041 
64.427 	 134912 	 134100 	 240832 	 232873 
64.631 	 135366 	 134100 	 241052 	 232761 
64.836 	 135027 	 133932 	 237248 	 231532 
65.041 	 135213 	 134211 	 238049 	 232594 
65.245 	 135582 	 133876 	 240799 	 231923 
65.450 	 135502 	 134100 	 240052 	 230247 
65.654 	 135678 	 134155 	 239637 	 231420 
65.859 	 135044 	 134211 	 240242 	 231811 
66.063 	 135169 	 134155 	 241526 	 230638 
66.268 	 135336 	 133988 	 238526 	 232147 
66.472 	 135572 	 134044 	 240219 	 231867 
66.677 	 135507 	 133988 	 240239 	 230694 
66.881 	 135107 	 134155 	 242591 	 232091 
67.086 	 135382 	 133988 	 242594 	 233320 
67.290 	 135253 	 133932 	 239853 	 231700 
67.495 	 135767 	 134155 	 240032 	 233544 
67.699 	 135397 	 133876 	 242294 	 234214 
67.904 	 134878 	 133876 	 242101 	 232650 
68.108 	 134730 	 134155 	 239957 	 232426 
68.313 	 135704 	 134100 	 239196 	 231476 
68.518 	 135613 	 134267 	 238399 	 231700 
68.722 	 135854 	 134044 	 237916 	 231923 
68.927 	 135193 	 133988 	 239097 	 230694 
69.131 	 135740 	 134267 	 238774 	 231141 
69.336 	 135770 	 134155 	 240197 	 231923 
69.540 	 135136 	 134100 	 238174 	 229576 
69.745 	 134803 	 133932 	 242741 	 231867 
69.949 	 135317 	 134267 	 241013 	 231700 
70.154 	 134928 	 133820 	 240762 	 231588 
70.358 	 135074 	 134435 	 242455 	 232035 
70.563 	 135809 	 134155 	 242140 	 234438 
70.767 	 135320 	 134155 	 237866 	 231085 
70.972 	 135320 	 134044 	 238724 	 231253 
71.176 	 134899 	 134100 	 241059 	 232929 
71.381 	 135387 	 134044 	 242100 	 233041 
71.585 	 135535 	 134211 	 244374 	 233935 
71.790 	 135636 	 134323 	 238996 	 232706 
71.995 	 135532 	 134211 	 243970 	 232370 
72.199 	 135794 	 134267 	 243200 	 234829 
72.404 	 135475 	 134379 	 242591 	 233991 
72.608 	 134885 	 134155 	 242821 	 233544 
72.813 	 135008 	 134267 	 244155 	 233991 
