Time [s] 	 CH1 	 BGND1 	 CH2 	 BGND2 
0.000 	 137633 	 133567 	 137843 	 130939 
0.205 	 137221 	 133959 	 138472 	 131051 
0.409 	 137235 	 134182 	 139246 	 130883 
0.614 	 137130 	 133903 	 139498 	 130939 
0.818 	 137311 	 134070 	 138874 	 130995 
1.023 	 136732 	 133735 	 138163 	 130939 
1.227 	 137714 	 134238 	 138203 	 131051 
1.432 	 137129 	 134014 	 138962 	 130995 
1.636 	 137280 	 133959 	 139452 	 130939 
1.841 	 137276 	 133959 	 138941 	 130883 
2.045 	 136963 	 134014 	 138628 	 130883 
2.250 	 137279 	 133959 	 137716 	 130995 
2.454 	 137167 	 133847 	 138209 	 130939 
2.659 	 136741 	 133791 	 137558 	 130995 
2.863 	 137368 	 133959 	 138701 	 130995 
3.068 	 137127 	 133735 	 138450 	 130883 
3.272 	 137534 	 133903 	 138841 	 130939 
3.477 	 138127 	 134126 	 138141 	 130995 
3.682 	 137457 	 134014 	 138976 	 130939 
3.886 	 137011 	 133847 	 138653 	 130939 
4.091 	 137650 	 133847 	 137959 	 130995 
4.295 	 137160 	 133679 	 138280 	 130883 
4.500 	 137735 	 134014 	 139606 	 130939 
4.704 	 137157 	 133903 	 138110 	 130883 
4.909 	 137170 	 133959 	 138748 	 131051 
5.113 	 137672 	 133903 	 138772 	 130883 
5.318 	 136509 	 133903 	 139254 	 130939 
5.522 	 137401 	 133791 	 138935 	 130939 
5.727 	 136530 	 133903 	 138971 	 130939 
5.931 	 137101 	 133903 	 138970 	 131051 
6.136 	 136901 	 133623 	 138772 	 130995 
6.340 	 137463 	 133679 	 138740 	 130883 
6.545 	 136650 	 134070 	 138451 	 131051 
6.749 	 137880 	 133791 	 138612 	 131106 
6.954 	 137575 	 134014 	 139458 	 130995 
7.159 	 137685 	 134014 	 138698 	 131609 
7.363 	 137274 	 134182 	 146847 	 138986 
7.568 	 137755 	 134517 	 164372 	 155137 
7.772 	 138542 	 134964 	 179873 	 172629 
7.977 	 138529 	 135187 	 196597 	 187215 
8.181 	 138839 	 135411 	 206677 	 198336 
8.386 	 138631 	 135243 	 215906 	 207222 
8.590 	 139374 	 135355 	 221025 	 212978 
8.795 	 139334 	 135634 	 226844 	 215772 
8.999 	 139350 	 135690 	 227494 	 218958 
9.204 	 139894 	 135914 	 231692 	 219796 
9.408 	 139220 	 135579 	 228958 	 220131 
9.613 	 139448 	 135690 	 229859 	 221696 
9.817 	 139321 	 135858 	 230321 	 222367 
10.022 	 140345 	 136025 	 231337 	 222646 
10.226 	 140575 	 135802 	 233278 	 224323 
10.431 	 140794 	 136137 	 237004 	 225273 
10.636 	 139977 	 135970 	 234496 	 225943 
10.840 	 140319 	 136025 	 235047 	 225943 
11.045 	 139862 	 135858 	 234052 	 227285 
11.249 	 141055 	 135970 	 235834 	 228067 
11.454 	 140050 	 135970 	 233515 	 226446 
11.658 	 139970 	 135690 	 233512 	 227341 
11.863 	 140079 	 136025 	 235496 	 228570 
12.067 	 141153 	 136081 	 234533 	 228291 
12.272 	 140854 	 136305 	 234493 	 226838 
12.476 	 139847 	 135858 	 234642 	 227955 
12.681 	 140452 	 135858 	 237300 	 229632 
12.885 	 140217 	 136025 	 237562 	 230247 
13.090 	 140165 	 136305 	 234216 	 229688 
13.294 	 140047 	 136025 	 240234 	 230917 
13.499 	 141265 	 136249 	 235499 	 229017 
13.704 	 140361 	 136081 	 236401 	 228738 
13.908 	 139723 	 135970 	 235529 	 229520 
14.113 	 140353 	 135970 	 239660 	 231644 
14.317 	 140027 	 136193 	 240613 	 231644 
14.522 	 139827 	 135858 	 241188 	 231476 
14.726 	 140610 	 135970 	 242880 	 232426 
14.931 	 139888 	 135802 	 239858 	 231476 
15.135 	 140033 	 136081 	 238635 	 232538 
15.340 	 140726 	 136193 	 239536 	 231532 
15.544 	 140644 	 136416 	 240963 	 232370 
15.749 	 139765 	 136137 	 241133 	 233320 
15.953 	 139408 	 136081 	 242471 	 231644 
16.158 	 140108 	 135802 	 241619 	 233041 
16.362 	 140270 	 136081 	 240927 	 232370 
16.567 	 140209 	 135802 	 241486 	 232650 
16.771 	 139811 	 136081 	 242079 	 233488 
16.976 	 139941 	 136193 	 241711 	 233488 
17.181 	 139760 	 136193 	 238339 	 233376 
17.385 	 139623 	 135970 	 241604 	 232706 
17.590 	 140351 	 135914 	 244163 	 233823 
17.794 	 140145 	 136249 	 241834 	 232929 
17.999 	 140328 	 135858 	 241328 	 232258 
18.203 	 140632 	 136249 	 243198 	 232929 
18.408 	 140817 	 136137 	 246158 	 233097 
18.612 	 140969 	 136193 	 241384 	 234941 
18.817 	 140686 	 136416 	 243536 	 234270 
19.021 	 140294 	 136025 	 243042 	 234326 
19.226 	 139810 	 136025 	 239749 	 233711 
19.430 	 140935 	 136249 	 243440 	 234326 
19.635 	 140797 	 136584 	 246073 	 234494 
19.839 	 140066 	 136416 	 242731 	 234103 
20.044 	 140376 	 136472 	 243685 	 234773 
20.248 	 139538 	 136305 	 246139 	 235332 
20.453 	 140408 	 136472 	 240690 	 234159 
20.658 	 140193 	 136081 	 239296 	 232482 
20.862 	 141626 	 136528 	 242811 	 234885 
21.067 	 140882 	 136025 	 241633 	 234047 
21.271 	 140305 	 136305 	 243682 	 233544 
21.476 	 140701 	 136137 	 238177 	 233153 
21.680 	 140294 	 136249 	 241184 	 234438 
21.885 	 141433 	 136193 	 241074 	 234494 
22.089 	 140703 	 136249 	 240930 	 233767 
22.294 	 141124 	 136081 	 242522 	 234270 
22.498 	 140675 	 136193 	 245636 	 235109 
22.703 	 140637 	 136305 	 244791 	 234047 
22.907 	 140479 	 136528 	 246341 	 235556 
23.112 	 141522 	 136416 	 244856 	 235388 
23.316 	 141098 	 136249 	 243993 	 234773 
23.521 	 140794 	 136305 	 242355 	 235500 
23.725 	 140618 	 136081 	 242253 	 234941 
23.930 	 140274 	 136640 	 244159 	 234438 
24.135 	 140957 	 136361 	 246161 	 236003 
24.339 	 141169 	 136640 	 242019 	 235109 
24.544 	 141339 	 136137 	 243535 	 235947 
24.748 	 140805 	 136193 	 244721 	 235109 
24.953 	 140434 	 136249 	 245014 	 236170 
25.157 	 140477 	 136472 	 244409 	 234885 
25.362 	 140447 	 136249 	 243636 	 236115 
25.566 	 140654 	 136416 	 243894 	 236450 
25.771 	 140401 	 136249 	 243803 	 236673 
25.975 	 140195 	 136137 	 242384 	 236897 
26.180 	 141078 	 136305 	 241040 	 235444 
26.384 	 140570 	 136249 	 243064 	 234606 
26.589 	 140486 	 136640 	 240837 	 235779 
26.793 	 141124 	 136416 	 243732 	 236506 
26.998 	 140860 	 136249 	 245125 	 236115 
27.202 	 141192 	 136249 	 240649 	 236003 
27.407 	 141094 	 136361 	 244921 	 235556 
27.612 	 140402 	 136193 	 241682 	 236003 
27.816 	 140815 	 136528 	 242902 	 235444 
28.021 	 140738 	 136305 	 246021 	 236729 
28.225 	 140372 	 136137 	 241144 	 234997 
28.430 	 141766 	 136640 	 245219 	 236003 
28.634 	 140211 	 136249 	 246114 	 237456 
28.839 	 141296 	 136081 	 244908 	 238126 
29.043 	 139492 	 136193 	 243064 	 237344 
29.248 	 140866 	 136305 	 244939 	 237288 
29.452 	 140173 	 136640 	 244304 	 237344 
29.657 	 140386 	 136361 	 244794 	 237903 
29.861 	 140649 	 136584 	 244146 	 235947 
30.066 	 140467 	 136696 	 241156 	 236115 
30.270 	 140360 	 136193 	 244279 	 237176 
30.475 	 140595 	 136416 	 240931 	 236226 
30.679 	 141079 	 136472 	 243004 	 236897 
30.884 	 140617 	 136361 	 245836 	 238070 
31.089 	 142264 	 136528 	 245547 	 236562 
31.293 	 140951 	 136137 	 242803 	 234606 
31.498 	 140210 	 136584 	 244608 	 238070 
31.702 	 140532 	 136696 	 246296 	 238182 
31.907 	 140117 	 136640 	 243549 	 237568 
32.111 	 140466 	 136696 	 246549 	 237512 
32.316 	 141084 	 136416 	 246086 	 238182 
32.520 	 140444 	 136640 	 246024 	 236953 
32.725 	 140368 	 136528 	 245416 	 237120 
32.929 	 140904 	 136361 	 243345 	 236562 
33.134 	 140003 	 136249 	 244799 	 237344 
33.338 	 140575 	 136472 	 245904 	 240362 
33.543 	 140785 	 136528 	 247924 	 239971 
33.747 	 141372 	 136584 	 241881 	 236841 
33.952 	 141766 	 136584 	 244948 	 234270 
34.157 	 141560 	 136416 	 243427 	 235723 
34.361 	 141207 	 136361 	 244950 	 237400 
34.566 	 140551 	 136640 	 245406 	 237344 
34.770 	 141319 	 136305 	 243678 	 236785 
34.975 	 141212 	 136416 	 244560 	 237456 
35.179 	 141984 	 136528 	 241643 	 236003 
35.384 	 141343 	 136193 	 243030 	 236897 
35.588 	 140675 	 136696 	 245055 	 237903 
35.793 	 140749 	 136696 	 243784 	 237512 
35.997 	 141652 	 136584 	 240688 	 236617 
36.202 	 140606 	 136863 	 246642 	 237903 
36.406 	 141071 	 136472 	 243729 	 238294 
36.611 	 141228 	 136584 	 243479 	 238070 
36.815 	 141020 	 137031 	 244964 	 237512 
37.020 	 140851 	 136808 	 244869 	 238741 
37.224 	 141593 	 136640 	 247693 	 238182 
37.429 	 141989 	 136472 	 247152 	 239021 
37.634 	 142641 	 137031 	 246849 	 238350 
37.838 	 142010 	 136640 	 245778 	 238294 
38.043 	 141498 	 136752 	 245553 	 239188 
38.247 	 142495 	 136696 	 245030 	 238685 
38.452 	 141426 	 136919 	 246517 	 238741 
38.656 	 141826 	 136808 	 243890 	 240585 
38.861 	 141207 	 136863 	 244436 	 237623 
39.065 	 141850 	 136808 	 243125 	 238294 
39.270 	 141185 	 136752 	 246039 	 239635 
39.474 	 141959 	 136975 	 243836 	 238741 
39.679 	 141528 	 136584 	 247433 	 240529 
39.883 	 142047 	 136919 	 244460 	 239747 
40.088 	 141182 	 136752 	 248047 	 241591 
40.292 	 141757 	 136584 	 247238 	 239188 
40.497 	 142029 	 136640 	 244914 	 238685 
40.701 	 141502 	 136919 	 247894 	 238741 
40.906 	 142509 	 136808 	 245363 	 239300 
41.111 	 142025 	 136640 	 246624 	 239132 
41.315 	 141522 	 136752 	 245392 	 239523 
41.520 	 140729 	 136919 	 242385 	 239412 
41.724 	 142022 	 137087 	 246785 	 239803 
41.929 	 141288 	 137087 	 241914 	 240250 
42.133 	 141449 	 136640 	 244564 	 238853 
42.338 	 141998 	 136975 	 244017 	 239188 
42.542 	 141963 	 136472 	 246411 	 238909 
42.747 	 141552 	 136919 	 245083 	 238462 
42.951 	 141300 	 136640 	 243972 	 237735 
43.156 	 141265 	 136808 	 246102 	 239356 
43.360 	 142593 	 136752 	 245169 	 240026 
43.565 	 141525 	 136808 	 246411 	 238685 
43.769 	 140993 	 136752 	 243514 	 239468 
43.974 	 141397 	 136584 	 243991 	 239523 
44.178 	 142320 	 136975 	 244985 	 240306 
44.383 	 141106 	 136752 	 247702 	 239468 
44.588 	 142834 	 136640 	 244430 	 238629 
44.792 	 140880 	 136808 	 246348 	 239635 
44.997 	 141731 	 136863 	 245918 	 239021 
45.201 	 141019 	 136696 	 247801 	 240362 
45.406 	 142113 	 136808 	 247616 	 241144 
45.610 	 142126 	 137087 	 246185 	 239691 
45.815 	 140834 	 137031 	 246738 	 239859 
46.019 	 142089 	 136752 	 246739 	 239971 
46.224 	 141474 	 136752 	 246658 	 240865 
46.428 	 141804 	 136696 	 246665 	 241759 
46.633 	 141252 	 136863 	 245155 	 240250 
46.837 	 141873 	 136640 	 244609 	 241479 
47.042 	 141096 	 136808 	 245331 	 241368 
47.246 	 142130 	 136808 	 246057 	 241368 
47.451 	 141535 	 136863 	 246320 	 240697 
47.655 	 141539 	 136863 	 248829 	 241032 
47.860 	 141570 	 136975 	 247222 	 240529 
48.065 	 140959 	 136752 	 246220 	 239412 
48.269 	 141884 	 136975 	 245599 	 239635 
48.474 	 142430 	 136975 	 244603 	 240585 
48.678 	 141823 	 136919 	 248353 	 240697 
48.883 	 142501 	 136752 	 244462 	 240418 
49.087 	 140075 	 136752 	 246784 	 240921 
49.292 	 141504 	 136472 	 246018 	 240418 
49.496 	 141124 	 136752 	 246139 	 239021 
49.701 	 141169 	 136863 	 245484 	 239076 
49.905 	 141623 	 136808 	 245998 	 239244 
50.110 	 141398 	 136808 	 244244 	 239747 
50.314 	 141438 	 136640 	 248252 	 241591 
50.519 	 141734 	 137143 	 246269 	 240865 
50.723 	 142582 	 137199 	 247444 	 240753 
50.928 	 142303 	 136752 	 247863 	 239747 
51.132 	 141834 	 136975 	 248429 	 240585 
51.337 	 142007 	 136752 	 248195 	 239803 
51.542 	 141559 	 137031 	 249642 	 241032 
51.746 	 141485 	 136752 	 247940 	 239188 
51.951 	 141429 	 136863 	 246585 	 240753 
52.155 	 141726 	 136863 	 245518 	 240418 
52.360 	 141697 	 136752 	 249697 	 242877 
52.564 	 141927 	 136975 	 248578 	 242485 
52.769 	 141852 	 137199 	 246131 	 241927 
52.973 	 141478 	 136975 	 247119 	 240697 
53.178 	 142138 	 136919 	 243417 	 239579 
53.382 	 141973 	 136863 	 245818 	 240250 
53.587 	 141977 	 136863 	 245260 	 239915 
53.791 	 140424 	 136752 	 245253 	 239747 
53.996 	 142682 	 136919 	 245010 	 241256 
54.200 	 141813 	 136975 	 244533 	 241368 
54.405 	 141764 	 137031 	 246337 	 241032 
54.610 	 142549 	 137422 	 247378 	 241703 
54.814 	 141485 	 137143 	 244312 	 241088 
55.019 	 141540 	 137087 	 249659 	 241256 
55.223 	 141455 	 137031 	 244178 	 240753 
55.428 	 141160 	 136696 	 247397 	 240977 
55.632 	 142383 	 136919 	 246165 	 240753 
55.837 	 141610 	 137199 	 248203 	 241256 
56.041 	 142030 	 136808 	 246540 	 240306 
56.246 	 142233 	 137254 	 251100 	 241759 
56.450 	 141820 	 136975 	 249971 	 240529 
56.655 	 140979 	 136808 	 252606 	 242318 
56.859 	 141931 	 136752 	 249555 	 241200 
57.064 	 141686 	 136975 	 249605 	 240474 
57.268 	 141879 	 137143 	 245661 	 239356 
57.473 	 142425 	 136975 	 247530 	 239915 
57.677 	 142563 	 136863 	 246681 	 240585 
57.882 	 143599 	 136975 	 249710 	 241815 
58.087 	 142899 	 137031 	 253217 	 240865 
58.291 	 141996 	 136696 	 249638 	 241815 
58.496 	 142494 	 136919 	 250181 	 242150 
58.700 	 142615 	 136696 	 249354 	 240250 
58.905 	 142021 	 136863 	 250116 	 241312 
59.109 	 141553 	 136696 	 247416 	 240418 
59.314 	 142220 	 136808 	 247087 	 239915 
59.518 	 142022 	 136863 	 248103 	 240529 
59.723 	 141485 	 136696 	 247344 	 242709 
59.927 	 141939 	 136919 	 249195 	 240865 
60.132 	 141662 	 137087 	 246796 	 242150 
60.336 	 142049 	 136863 	 248141 	 243212 
60.541 	 141819 	 137087 	 250329 	 243268 
60.745 	 141185 	 136919 	 248857 	 242150 
60.950 	 141585 	 136752 	 247416 	 242206 
61.154 	 141370 	 137087 	 250628 	 241982 
61.359 	 141303 	 136808 	 249018 	 242485 
61.564 	 141916 	 137143 	 252710 	 242430 
61.768 	 141772 	 136863 	 248842 	 243156 
61.973 	 142337 	 137199 	 249805 	 242038 
62.177 	 141588 	 136919 	 247963 	 240082 
62.382 	 141188 	 136919 	 252080 	 242318 
62.586 	 141907 	 136640 	 247542 	 240250 
62.791 	 141779 	 137310 	 247237 	 241032 
62.995 	 141647 	 136919 	 247378 	 241759 
63.200 	 141345 	 136919 	 245036 	 241032 
63.404 	 141096 	 137087 	 247945 	 242485 
63.609 	 140835 	 136919 	 249306 	 241703 
63.813 	 141173 	 137031 	 248518 	 242765 
64.018 	 141412 	 137031 	 244053 	 239523 
64.222 	 141115 	 136919 	 243530 	 239971 
64.427 	 141582 	 136863 	 245958 	 240865 
64.631 	 141962 	 136975 	 247284 	 241815 
64.836 	 141833 	 137031 	 242756 	 240585 
65.041 	 141701 	 136975 	 248875 	 240306 
65.245 	 141260 	 136975 	 247747 	 239915 
65.450 	 141320 	 136808 	 244679 	 239747 
65.654 	 141935 	 136808 	 247867 	 241256 
65.859 	 141211 	 136919 	 244576 	 240362 
66.063 	 140463 	 136863 	 244477 	 240529 
66.268 	 140856 	 136808 	 245847 	 240809 
66.472 	 141238 	 137143 	 247954 	 241256 
66.677 	 142174 	 137087 	 246420 	 241815 
66.881 	 141668 	 136863 	 246407 	 240082 
67.086 	 141053 	 136752 	 249351 	 241312 
67.290 	 141801 	 136808 	 246626 	 240418 
67.495 	 141674 	 136975 	 250735 	 242709 
67.699 	 141937 	 137087 	 246619 	 242765 
67.904 	 141209 	 136919 	 246945 	 239747 
68.108 	 141797 	 137254 	 247560 	 241144 
68.313 	 141558 	 136752 	 250225 	 242485 
68.518 	 141662 	 137199 	 249863 	 243827 
68.722 	 141807 	 136696 	 243068 	 241815 
68.927 	 142428 	 136863 	 248864 	 243435 
69.131 	 141300 	 136863 	 248114 	 240306 
69.336 	 141161 	 137199 	 246787 	 241927 
69.540 	 141427 	 137031 	 249222 	 242932 
69.745 	 141577 	 136808 	 250615 	 242653 
69.949 	 141500 	 136919 	 252002 	 243380 
70.154 	 141999 	 137087 	 248849 	 243212 
70.358 	 141486 	 136752 	 250136 	 243715 
70.563 	 141542 	 136919 	 247692 	 241368 
70.767 	 141432 	 136919 	 247284 	 242877 
70.972 	 140565 	 136863 	 250669 	 242541 
71.176 	 141826 	 137087 	 246939 	 241424 
71.381 	 141774 	 136863 	 249902 	 243044 
71.585 	 141988 	 136696 	 248730 	 243324 
71.790 	 141670 	 136975 	 246418 	 241424 
71.995 	 141952 	 136919 	 245546 	 240474 
72.199 	 141264 	 136919 	 247140 	 241703 
72.404 	 141840 	 137199 	 247983 	 243435 
72.608 	 141342 	 137199 	 245893 	 240865 
72.813 	 140527 	 137254 	 245593 	 241368 
