Time [s] 	 CH1 	 BGND1 	 CH2 	 BGND2 
0.000 	 209370 	 134295 	 142847 	 130745 
0.205 	 211638 	 134351 	 143282 	 130800 
0.409 	 207754 	 134183 	 142534 	 130856 
0.614 	 211008 	 134183 	 141915 	 130800 
0.818 	 210486 	 134183 	 143554 	 130633 
1.023 	 220764 	 134072 	 144791 	 130689 
1.227 	 221032 	 134239 	 144294 	 130745 
1.432 	 217542 	 134016 	 143257 	 130800 
1.636 	 218984 	 134239 	 144385 	 130689 
1.841 	 221841 	 134295 	 145556 	 130856 
2.045 	 216240 	 134239 	 144426 	 130912 
2.250 	 217122 	 133904 	 144650 	 130856 
2.454 	 218215 	 134127 	 145498 	 130689 
2.659 	 218399 	 134239 	 145625 	 130800 
2.863 	 220641 	 134183 	 145038 	 130800 
3.068 	 217780 	 134239 	 144366 	 130689 
3.272 	 219220 	 134574 	 145299 	 130689 
3.477 	 219802 	 134462 	 145677 	 130689 
3.682 	 221011 	 134295 	 145024 	 130800 
3.886 	 218523 	 134239 	 144716 	 130745 
4.091 	 219480 	 134518 	 143453 	 130800 
4.295 	 219633 	 134351 	 144460 	 130689 
4.500 	 218613 	 134239 	 145306 	 130745 
4.704 	 220585 	 134295 	 144643 	 130689 
4.909 	 219372 	 134574 	 146068 	 130800 
5.113 	 222236 	 134407 	 144524 	 130745 
5.318 	 222057 	 134295 	 145100 	 130689 
5.522 	 220753 	 134072 	 144790 	 130745 
5.727 	 221570 	 134518 	 144089 	 130689 
5.931 	 219569 	 134407 	 144365 	 130800 
6.136 	 218200 	 134072 	 143797 	 130745 
6.340 	 218799 	 134351 	 145473 	 130745 
6.545 	 221025 	 134127 	 144391 	 130689 
6.749 	 218798 	 134183 	 145021 	 130912 
6.954 	 219241 	 134351 	 143271 	 130856 
7.159 	 223897 	 134295 	 145399 	 131247 
7.363 	 221364 	 134574 	 153059 	 137170 
7.568 	 222310 	 134853 	 164366 	 150803 
7.772 	 225728 	 135133 	 176524 	 165945 
7.977 	 222903 	 135244 	 188262 	 176673 
8.181 	 224549 	 135468 	 198620 	 187568 
8.386 	 225668 	 135635 	 204220 	 193770 
8.590 	 223287 	 135803 	 212225 	 197961 
8.795 	 224575 	 135691 	 212230 	 201537 
8.999 	 226997 	 135635 	 214803 	 204665 
9.204 	 225131 	 135914 	 213847 	 204330 
9.408 	 226778 	 135691 	 216223 	 204218 
9.613 	 225672 	 135858 	 220086 	 206677 
9.817 	 225707 	 136082 	 217450 	 205839 
10.022 	 227598 	 135970 	 217012 	 207236 
10.226 	 232270 	 135914 	 222073 	 208577 
10.431 	 228653 	 136082 	 219885 	 207627 
10.636 	 232208 	 136082 	 221930 	 210085 
10.840 	 230479 	 136138 	 222150 	 210253 
11.045 	 231614 	 136194 	 222287 	 209750 
11.249 	 227475 	 136305 	 222098 	 210365 
11.454 	 230717 	 136249 	 220726 	 209862 
11.658 	 229046 	 136026 	 221706 	 211929 
11.863 	 232788 	 136138 	 224390 	 211370 
12.067 	 229953 	 136194 	 222541 	 210756 
12.272 	 229818 	 136026 	 220512 	 210365 
12.476 	 234759 	 136082 	 223490 	 210979 
12.681 	 231319 	 136194 	 225625 	 212711 
12.885 	 228963 	 136026 	 224494 	 213270 
13.090 	 227769 	 136305 	 225735 	 212711 
13.294 	 227973 	 136305 	 223955 	 212264 
13.499 	 228476 	 136305 	 223726 	 213158 
13.704 	 229628 	 136696 	 225730 	 214611 
13.908 	 231668 	 135970 	 224547 	 213326 
14.113 	 230991 	 136473 	 226326 	 213493 
14.317 	 230103 	 135747 	 224148 	 213214 
14.522 	 229479 	 135747 	 225262 	 213940 
14.726 	 230462 	 135914 	 224446 	 213885 
14.931 	 231244 	 136417 	 225482 	 214387 
15.135 	 230667 	 136305 	 225507 	 213270 
15.340 	 230987 	 136138 	 223631 	 212600 
15.544 	 230733 	 136138 	 228218 	 214723 
15.749 	 230468 	 136026 	 225788 	 213493 
15.953 	 230765 	 136026 	 223638 	 214387 
16.158 	 229714 	 136194 	 226729 	 213996 
16.362 	 231839 	 136194 	 225205 	 212879 
16.567 	 235236 	 136305 	 228822 	 214611 
16.771 	 231172 	 136305 	 229568 	 214834 
16.976 	 231713 	 136305 	 228549 	 215952 
17.181 	 229194 	 136138 	 227620 	 216120 
17.385 	 229666 	 136473 	 228593 	 216287 
17.590 	 232040 	 136361 	 224246 	 215281 
17.794 	 232886 	 136194 	 226216 	 213717 
17.999 	 232663 	 136305 	 225874 	 214779 
18.203 	 231376 	 136473 	 227948 	 215058 
18.408 	 232024 	 136138 	 228141 	 215058 
18.612 	 231811 	 136249 	 228499 	 215002 
18.817 	 232846 	 136194 	 227307 	 215728 
19.021 	 232743 	 136249 	 226066 	 214723 
19.226 	 230248 	 136249 	 225512 	 215337 
19.430 	 231166 	 136417 	 229198 	 215728 
19.635 	 229801 	 136417 	 227221 	 213605 
19.839 	 231176 	 136584 	 228031 	 214723 
20.044 	 230847 	 135914 	 229084 	 217069 
20.248 	 232592 	 136640 	 227692 	 216455 
20.453 	 229122 	 136640 	 230442 	 216790 
20.658 	 231711 	 136305 	 227411 	 215952 
20.862 	 233025 	 136026 	 229324 	 216790 
21.067 	 233985 	 136473 	 229834 	 216008 
21.271 	 234996 	 136584 	 231612 	 217572 
21.476 	 231286 	 136305 	 228980 	 217963 
21.680 	 231106 	 136473 	 228198 	 215114 
21.885 	 230323 	 136249 	 229565 	 216231 
22.089 	 235869 	 136417 	 229959 	 217237 
22.294 	 232384 	 136584 	 229573 	 216343 
22.498 	 233015 	 136473 	 232312 	 219137 
22.703 	 235455 	 136305 	 233093 	 216846 
22.907 	 234571 	 136752 	 231495 	 216734 
23.112 	 234377 	 136194 	 232575 	 215896 
23.316 	 237603 	 136584 	 228894 	 217740 
23.521 	 232411 	 136975 	 228879 	 217684 
23.725 	 233800 	 136305 	 232459 	 217405 
23.930 	 235806 	 136529 	 231056 	 218410 
24.135 	 232474 	 136473 	 229882 	 216231 
24.339 	 233154 	 136417 	 232230 	 217293 
24.544 	 233242 	 136584 	 229328 	 217125 
24.748 	 232835 	 136473 	 228033 	 217963 
24.953 	 236653 	 136361 	 230291 	 216790 
25.157 	 233274 	 136696 	 228277 	 217349 
25.362 	 229761 	 136584 	 230035 	 216790 
25.566 	 234793 	 136361 	 229093 	 216287 
25.771 	 230261 	 136696 	 228664 	 216902 
25.975 	 229811 	 136696 	 228513 	 217405 
26.180 	 237055 	 136584 	 230447 	 215840 
26.384 	 237015 	 136194 	 230596 	 217125 
26.589 	 232685 	 136249 	 229053 	 217405 
26.793 	 232038 	 136584 	 231780 	 218299 
26.998 	 235712 	 136361 	 231101 	 217181 
27.202 	 233433 	 136919 	 230315 	 217963 
27.407 	 237255 	 136584 	 228162 	 217461 
27.612 	 232052 	 136249 	 229909 	 218019 
27.816 	 236133 	 136417 	 229328 	 217740 
28.021 	 234326 	 136529 	 230426 	 217796 
28.225 	 232851 	 136640 	 232859 	 218578 
28.430 	 236041 	 136305 	 231316 	 218522 
28.634 	 237461 	 136808 	 230701 	 218299 
28.839 	 237509 	 136752 	 231605 	 217572 
29.043 	 233610 	 136249 	 232351 	 219695 
29.248 	 233146 	 136752 	 228254 	 217628 
29.452 	 234809 	 136584 	 230474 	 218075 
29.657 	 232108 	 136640 	 229948 	 217908 
29.861 	 234498 	 136529 	 231008 	 218243 
30.066 	 236325 	 136864 	 232240 	 218857 
30.270 	 237418 	 136473 	 233311 	 220087 
30.475 	 239068 	 136696 	 231524 	 219472 
30.679 	 236869 	 136752 	 234096 	 219863 
30.884 	 238012 	 136361 	 234340 	 218690 
31.089 	 232553 	 136752 	 235061 	 219137 
31.293 	 235671 	 136808 	 231936 	 219081 
31.498 	 234121 	 136919 	 232227 	 218243 
31.702 	 234053 	 136640 	 230908 	 219416 
31.907 	 237326 	 136473 	 230630 	 219919 
32.111 	 237193 	 136864 	 232016 	 218466 
32.316 	 239062 	 136808 	 230906 	 219025 
32.520 	 234519 	 136584 	 230010 	 217628 
32.725 	 237783 	 136529 	 231168 	 218299 
32.929 	 236769 	 136640 	 231000 	 218187 
33.134 	 238489 	 137143 	 232136 	 218410 
33.338 	 233257 	 137087 	 229481 	 217293 
33.543 	 235582 	 136919 	 234185 	 219472 
33.747 	 236163 	 136640 	 233907 	 219137 
33.952 	 238653 	 137199 	 234006 	 218578 
34.157 	 237052 	 136417 	 229541 	 216902 
34.361 	 243780 	 137254 	 231737 	 218857 
34.566 	 237766 	 136529 	 231561 	 218410 
34.770 	 240334 	 136584 	 233251 	 218243 
34.975 	 238826 	 136919 	 232403 	 218243 
35.179 	 234792 	 136975 	 232856 	 219304 
35.384 	 235817 	 136864 	 233265 	 220701 
35.588 	 241435 	 136584 	 231006 	 218969 
35.793 	 235936 	 136752 	 233835 	 220254 
35.997 	 236021 	 136808 	 235844 	 219304 
36.202 	 239515 	 136864 	 233742 	 220478 
36.406 	 239045 	 136864 	 230173 	 219137 
36.611 	 239765 	 137031 	 232187 	 217908 
36.815 	 240417 	 137254 	 232414 	 217572 
37.020 	 240103 	 137310 	 230595 	 218578 
37.224 	 242833 	 137031 	 229815 	 218634 
37.429 	 244939 	 136919 	 230526 	 218299 
37.634 	 238640 	 137087 	 232175 	 218466 
37.838 	 239897 	 137087 	 231811 	 220142 
38.043 	 241218 	 136975 	 232393 	 220198 
38.247 	 236315 	 136529 	 234386 	 219025 
38.452 	 239776 	 136808 	 230457 	 218913 
38.656 	 237830 	 137031 	 232615 	 220589 
38.861 	 239451 	 137087 	 236463 	 220198 
39.065 	 239118 	 137199 	 233619 	 219416 
39.270 	 236575 	 136864 	 231708 	 219248 
39.474 	 240298 	 136864 	 234500 	 219193 
39.679 	 240479 	 136529 	 232732 	 219081 
39.883 	 238462 	 136919 	 231399 	 218857 
40.088 	 237588 	 136808 	 232604 	 220254 
40.292 	 242875 	 136752 	 231783 	 219919 
40.497 	 238809 	 137087 	 234051 	 219807 
40.701 	 241082 	 137087 	 234825 	 220478 
40.906 	 241668 	 136696 	 232234 	 218578 
41.111 	 242585 	 136417 	 235378 	 220813 
41.315 	 242533 	 137310 	 233420 	 220589 
41.520 	 243334 	 137366 	 235142 	 219472 
41.724 	 243716 	 137422 	 232461 	 220422 
41.929 	 239108 	 137143 	 233261 	 220869 
42.133 	 240278 	 136864 	 232423 	 219975 
42.338 	 240759 	 137031 	 237137 	 221036 
42.542 	 239785 	 137254 	 236605 	 222210 
42.747 	 239503 	 137031 	 235691 	 221763 
42.951 	 240121 	 137087 	 230462 	 219919 
43.156 	 240967 	 137254 	 232620 	 218857 
43.360 	 238936 	 136696 	 232810 	 221036 
43.565 	 237696 	 136975 	 234638 	 221204 
43.769 	 243659 	 136752 	 234053 	 220925 
43.974 	 240966 	 136919 	 234793 	 220589 
44.178 	 237477 	 137031 	 235176 	 222266 
44.383 	 239485 	 136808 	 228765 	 221092 
44.588 	 241810 	 137087 	 236059 	 220589 
44.792 	 239295 	 136975 	 233333 	 221036 
44.997 	 242950 	 136752 	 238288 	 222210 
45.201 	 242265 	 137199 	 237143 	 220925 
45.406 	 243602 	 136696 	 232748 	 221372 
45.610 	 243949 	 137143 	 235538 	 220981 
45.815 	 242825 	 137199 	 234799 	 221986 
46.019 	 241493 	 137199 	 230747 	 220589 
46.224 	 241466 	 136640 	 235282 	 220869 
46.428 	 244095 	 137254 	 234994 	 223383 
46.633 	 245801 	 136864 	 233029 	 220757 
46.837 	 242028 	 137031 	 235477 	 222433 
47.042 	 243075 	 137031 	 234100 	 219695 
47.246 	 240863 	 136808 	 234376 	 220366 
47.451 	 244623 	 137087 	 234113 	 221260 
47.655 	 239700 	 137199 	 235696 	 222098 
47.860 	 245584 	 136975 	 235433 	 221092 
48.065 	 240825 	 137087 	 234287 	 221260 
48.269 	 236434 	 136752 	 235478 	 221483 
48.474 	 245669 	 136919 	 234709 	 221316 
48.678 	 245411 	 137031 	 231088 	 220142 
48.883 	 240838 	 137478 	 233042 	 220589 
49.087 	 241772 	 137366 	 234887 	 220087 
49.292 	 241966 	 136919 	 231444 	 220589 
49.496 	 245084 	 137031 	 234282 	 220701 
49.701 	 240683 	 137143 	 233033 	 219807 
49.905 	 246282 	 137143 	 232608 	 220589 
50.110 	 242011 	 136864 	 232733 	 221372 
50.314 	 239040 	 136752 	 235734 	 219304 
50.519 	 243455 	 136864 	 233938 	 220478 
50.723 	 239615 	 136808 	 234403 	 222322 
50.928 	 244348 	 137143 	 233259 	 222545 
51.132 	 240467 	 136919 	 232532 	 222769 
51.337 	 243688 	 136864 	 231847 	 220757 
51.542 	 242236 	 137031 	 229784 	 219919 
51.746 	 242858 	 137143 	 232200 	 221819 
51.951 	 241501 	 136808 	 233134 	 223271 
52.155 	 240044 	 136864 	 231759 	 223439 
52.360 	 238557 	 136975 	 232068 	 221930 
52.564 	 240447 	 136640 	 232292 	 220254 
52.769 	 240653 	 137199 	 234751 	 222210 
52.973 	 243134 	 137254 	 233030 	 219975 
53.178 	 242030 	 137143 	 236086 	 222210 
53.382 	 241615 	 137087 	 231994 	 220757 
53.587 	 243927 	 137031 	 229516 	 219807 
53.791 	 240251 	 136808 	 233482 	 222210 
53.996 	 241518 	 136919 	 233197 	 222601 
54.200 	 242641 	 136864 	 231294 	 220589 
54.405 	 242308 	 137645 	 232381 	 220422 
54.610 	 239943 	 137143 	 232526 	 223383 
54.814 	 245034 	 136696 	 235476 	 222657 
55.019 	 243422 	 137366 	 235494 	 221316 
55.223 	 243139 	 137422 	 233083 	 221372 
55.428 	 242161 	 137143 	 234388 	 221092 
55.632 	 240047 	 137254 	 232626 	 221539 
55.837 	 242723 	 137310 	 234836 	 219584 
56.041 	 239699 	 137422 	 233004 	 221875 
56.246 	 243115 	 136696 	 233768 	 220645 
56.450 	 244349 	 137143 	 232001 	 220366 
56.655 	 242868 	 137254 	 230935 	 221204 
56.859 	 241965 	 137087 	 232052 	 220366 
57.064 	 242704 	 137199 	 235046 	 221036 
57.268 	 244822 	 137031 	 232498 	 220366 
57.473 	 241506 	 136975 	 232108 	 221036 
57.677 	 241172 	 137087 	 231486 	 219695 
57.882 	 240280 	 137031 	 233891 	 221986 
58.087 	 244631 	 136752 	 234056 	 220310 
58.291 	 241278 	 137366 	 234335 	 221148 
58.496 	 244987 	 136975 	 232685 	 222098 
58.700 	 242253 	 137366 	 235893 	 221819 
58.905 	 239723 	 136752 	 233341 	 220701 
59.109 	 240733 	 136919 	 232447 	 222377 
59.314 	 240666 	 137199 	 231509 	 219975 
59.518 	 237343 	 136808 	 232499 	 221428 
59.723 	 240476 	 137031 	 237633 	 221428 
59.927 	 241699 	 137031 	 232891 	 221930 
60.132 	 245163 	 137422 	 233427 	 222042 
60.336 	 235645 	 136919 	 233632 	 220310 
60.541 	 242304 	 136808 	 233647 	 221763 
60.745 	 242940 	 137254 	 233895 	 220701 
60.950 	 244128 	 136864 	 235524 	 221651 
61.154 	 243027 	 137199 	 235188 	 221428 
61.359 	 240993 	 137087 	 235101 	 221428 
61.564 	 241893 	 136752 	 234936 	 221316 
61.768 	 245682 	 136975 	 233917 	 221483 
61.973 	 240900 	 137031 	 233167 	 219919 
62.177 	 245194 	 137087 	 235263 	 222266 
62.382 	 244291 	 137087 	 234682 	 221036 
62.586 	 239850 	 137087 	 229705 	 220757 
62.791 	 241759 	 137031 	 235752 	 221707 
62.995 	 242673 	 137031 	 236679 	 222769 
63.200 	 242755 	 136752 	 235442 	 220813 
63.404 	 243093 	 137143 	 233891 	 222489 
63.609 	 242923 	 137031 	 234849 	 221651 
63.813 	 242691 	 137031 	 236193 	 221986 
64.018 	 241206 	 136864 	 231780 	 220310 
64.222 	 242953 	 137366 	 233584 	 221763 
64.427 	 243956 	 136975 	 231782 	 221595 
64.631 	 245229 	 137087 	 230672 	 223048 
64.836 	 242384 	 136864 	 233470 	 221483 
65.041 	 241899 	 137199 	 233989 	 221036 
65.245 	 242071 	 136808 	 230516 	 220366 
65.450 	 242787 	 136752 	 230985 	 220366 
65.654 	 241240 	 137199 	 232791 	 221372 
65.859 	 242597 	 136919 	 232271 	 220310 
66.063 	 239128 	 136864 	 233669 	 221819 
66.268 	 239106 	 136975 	 229650 	 219919 
66.472 	 240916 	 137422 	 236050 	 220366 
66.677 	 243833 	 136975 	 232837 	 221707 
66.881 	 241889 	 137031 	 232863 	 222322 
67.086 	 242248 	 137422 	 235973 	 222489 
67.290 	 242597 	 137143 	 232132 	 220142 
67.495 	 243469 	 137031 	 234775 	 223774 
67.699 	 246362 	 137143 	 234335 	 221986 
67.904 	 244637 	 137310 	 233966 	 221428 
68.108 	 247263 	 136919 	 230776 	 221204 
68.313 	 243967 	 137031 	 234773 	 222042 
68.518 	 242350 	 137031 	 231678 	 221204 
68.722 	 240464 	 136864 	 230591 	 220701 
68.927 	 238669 	 136975 	 226744 	 219193 
69.131 	 242159 	 137199 	 230931 	 220198 
69.336 	 241452 	 137143 	 233536 	 219807 
69.540 	 238318 	 136975 	 228204 	 219528 
69.745 	 239183 	 136529 	 232132 	 222377 
69.949 	 243393 	 136919 	 231696 	 221483 
70.154 	 237197 	 136752 	 232098 	 222489 
70.358 	 242550 	 136864 	 232651 	 221986 
70.563 	 244443 	 136975 	 232732 	 221819 
70.767 	 242887 	 136752 	 232066 	 223048 
70.972 	 242148 	 137254 	 231021 	 222545 
71.176 	 241250 	 137310 	 234497 	 223774 
71.381 	 244684 	 137254 	 233709 	 223663 
71.585 	 241860 	 137087 	 232813 	 221986 
71.790 	 241542 	 136919 	 235465 	 223774 
71.995 	 243341 	 137087 	 233152 	 223439 
72.199 	 242887 	 137534 	 237512 	 225171 
72.404 	 241454 	 137143 	 233983 	 223663 
72.608 	 241530 	 136975 	 233843 	 221986 
72.813 	 239685 	 137254 	 231566 	 223998 
