Time [s] 	 CH1 	 BGND1 	 CH2 	 BGND2 
0.000 	 133451 	 132678 	 149965 	 130887 
0.205 	 133733 	 132622 	 151866 	 130943 
0.409 	 133348 	 132678 	 151456 	 130887 
0.614 	 133851 	 132622 	 149226 	 130887 
0.818 	 133565 	 132566 	 151960 	 130887 
1.023 	 133498 	 132510 	 151024 	 130887 
1.227 	 133668 	 132678 	 150026 	 130775 
1.432 	 133167 	 132454 	 150692 	 130887 
1.636 	 133641 	 132678 	 151261 	 130887 
1.841 	 133770 	 132622 	 150963 	 130887 
2.045 	 133539 	 132622 	 149609 	 130887 
2.250 	 133530 	 132566 	 153061 	 130775 
2.454 	 133237 	 132566 	 152341 	 131054 
2.659 	 133585 	 132454 	 151133 	 130887 
2.863 	 133603 	 132734 	 151843 	 130943 
3.068 	 133459 	 132790 	 150640 	 130943 
3.272 	 133703 	 132566 	 150604 	 130887 
3.477 	 133160 	 132734 	 150701 	 130831 
3.682 	 133102 	 132566 	 152363 	 130887 
3.886 	 132917 	 132566 	 151124 	 130831 
4.091 	 133469 	 132566 	 149277 	 130831 
4.295 	 133610 	 132510 	 150574 	 130831 
4.500 	 133941 	 132790 	 149281 	 130887 
4.704 	 134183 	 132566 	 151924 	 130719 
4.909 	 133639 	 132678 	 149688 	 130831 
5.113 	 133603 	 132566 	 151684 	 130887 
5.318 	 133943 	 132566 	 149429 	 130887 
5.522 	 133235 	 132734 	 149499 	 130831 
5.727 	 133273 	 132566 	 150557 	 130943 
5.931 	 133400 	 132734 	 152729 	 130831 
6.136 	 133247 	 132622 	 149646 	 130887 
6.340 	 132834 	 132566 	 149945 	 130887 
6.545 	 133865 	 132622 	 150306 	 130831 
6.749 	 133558 	 132678 	 152756 	 130831 
6.954 	 133350 	 132622 	 153733 	 130943 
7.159 	 133641 	 132510 	 153043 	 131446 
7.363 	 133985 	 133013 	 159706 	 138208 
7.568 	 134418 	 133348 	 176573 	 153856 
7.772 	 134227 	 133237 	 190093 	 170007 
7.977 	 134087 	 133796 	 207487 	 185432 
8.181 	 134900 	 133907 	 215700 	 195436 
8.386 	 135102 	 133907 	 223738 	 203875 
8.590 	 135135 	 134019 	 230650 	 208513 
8.795 	 135277 	 133907 	 236092 	 212872 
8.999 	 134999 	 133907 	 236546 	 215220 
9.204 	 135528 	 134243 	 236183 	 216058 
9.408 	 135778 	 134243 	 234227 	 217232 
9.613 	 134987 	 134243 	 236969 	 219467 
9.817 	 135178 	 134243 	 239633 	 220250 
10.022 	 135410 	 134243 	 239200 	 218796 
10.226 	 135294 	 134466 	 239191 	 219299 
10.431 	 136013 	 134354 	 239195 	 220417 
10.636 	 135520 	 134634 	 246112 	 222038 
10.840 	 135001 	 134243 	 243479 	 222206 
11.045 	 135263 	 134410 	 243463 	 222932 
11.249 	 135940 	 134410 	 242877 	 222429 
11.454 	 136069 	 134187 	 240748 	 222429 
11.658 	 135254 	 134075 	 240718 	 222150 
11.863 	 135760 	 134299 	 242015 	 223100 
12.067 	 135781 	 134131 	 242544 	 223994 
12.272 	 135623 	 134522 	 239819 	 221703 
12.476 	 135483 	 134522 	 242867 	 223826 
12.681 	 135877 	 134299 	 241580 	 225279 
12.885 	 135181 	 134354 	 243590 	 225000 
13.090 	 135459 	 134522 	 245541 	 225894 
13.294 	 135915 	 134299 	 245804 	 225447 
13.499 	 135596 	 134354 	 246535 	 224720 
13.704 	 135668 	 134634 	 242743 	 225279 
13.908 	 135715 	 134466 	 244448 	 226341 
14.113 	 135904 	 134131 	 246559 	 226174 
14.317 	 136104 	 134746 	 246889 	 226732 
14.522 	 135651 	 134299 	 249551 	 228018 
14.726 	 135786 	 134634 	 248941 	 226341 
14.931 	 135718 	 134243 	 251569 	 227627 
15.135 	 136071 	 134354 	 249782 	 226844 
15.340 	 135872 	 134354 	 242724 	 227403 
15.544 	 135525 	 134299 	 246327 	 228130 
15.749 	 135885 	 134187 	 246077 	 226732 
15.953 	 136000 	 134410 	 245058 	 226900 
16.158 	 135677 	 134410 	 245924 	 228577 
16.362 	 135888 	 134299 	 247330 	 228074 
16.567 	 136073 	 134522 	 243540 	 227347 
16.771 	 135364 	 134354 	 243763 	 227571 
16.976 	 136185 	 134578 	 247068 	 228465 
17.181 	 135691 	 134299 	 244500 	 228465 
17.385 	 136118 	 134410 	 246735 	 228409 
17.590 	 135500 	 134578 	 246510 	 228409 
17.794 	 135733 	 134466 	 245879 	 229415 
17.999 	 135806 	 134522 	 248289 	 228577 
18.203 	 135935 	 134578 	 247507 	 228185 
18.408 	 135719 	 134299 	 248468 	 229080 
18.612 	 135572 	 134522 	 248854 	 228968 
18.817 	 136108 	 134410 	 247946 	 229527 
19.021 	 135308 	 134466 	 247190 	 229583 
19.226 	 135863 	 134802 	 250103 	 228409 
19.430 	 135594 	 134857 	 248156 	 227962 
19.635 	 135643 	 134522 	 245552 	 226732 
19.839 	 135986 	 134578 	 249319 	 228018 
20.044 	 136224 	 134466 	 246679 	 230700 
20.248 	 136028 	 134522 	 249056 	 230421 
20.453 	 136065 	 134522 	 248623 	 230086 
20.658 	 136518 	 134634 	 248181 	 230309 
20.862 	 135261 	 134354 	 249676 	 230141 
21.067 	 136365 	 134299 	 247196 	 230197 
21.271 	 136223 	 134690 	 250510 	 229527 
21.476 	 136172 	 134578 	 247475 	 229974 
21.680 	 135864 	 134857 	 250590 	 229974 
21.885 	 135725 	 134410 	 250631 	 231203 
22.089 	 136028 	 134578 	 248780 	 230980 
22.294 	 135316 	 134243 	 249455 	 231483 
22.498 	 135851 	 134410 	 250358 	 230365 
22.703 	 136183 	 134913 	 248184 	 230365 
22.907 	 136738 	 134690 	 251086 	 231203 
23.112 	 136425 	 134634 	 247494 	 231147 
23.316 	 135622 	 134410 	 247236 	 230365 
23.521 	 135735 	 134634 	 247375 	 230030 
23.725 	 135621 	 134522 	 250829 	 230924 
23.930 	 135540 	 134522 	 250467 	 230030 
24.135 	 136432 	 134746 	 249547 	 231203 
24.339 	 136180 	 134746 	 248904 	 230309 
24.544 	 136182 	 134802 	 249796 	 231203 
24.748 	 136335 	 134410 	 248486 	 231203 
24.953 	 135904 	 134690 	 251249 	 230644 
25.157 	 136322 	 134410 	 250159 	 231427 
25.362 	 135840 	 134410 	 251469 	 230980 
25.566 	 136814 	 134466 	 248992 	 232042 
25.771 	 135539 	 134578 	 251435 	 232377 
25.975 	 136389 	 134857 	 248952 	 233383 
26.180 	 135459 	 134410 	 252826 	 232433 
26.384 	 135448 	 134634 	 250178 	 231818 
26.589 	 136132 	 134746 	 250192 	 233606 
26.793 	 136049 	 134578 	 251402 	 231315 
26.998 	 136329 	 134802 	 249804 	 231762 
27.202 	 135689 	 134578 	 252310 	 231818 
27.407 	 135809 	 134634 	 248194 	 231092 
27.612 	 135600 	 134634 	 248073 	 232600 
27.816 	 135482 	 134578 	 247478 	 231427 
28.021 	 136302 	 134634 	 249979 	 232712 
28.225 	 136216 	 134690 	 251152 	 232824 
28.430 	 135699 	 134522 	 252822 	 233718 
28.634 	 136313 	 134746 	 246883 	 233495 
28.839 	 135849 	 134578 	 252153 	 233383 
29.043 	 135861 	 134522 	 249956 	 233830 
29.248 	 135708 	 134578 	 252353 	 234668 
29.452 	 135425 	 134578 	 248161 	 230644 
29.657 	 136462 	 134802 	 250101 	 233383 
29.861 	 135829 	 134522 	 249559 	 231650 
30.066 	 136052 	 134857 	 250683 	 231986 
30.270 	 135680 	 134690 	 249749 	 231650 
30.475 	 135678 	 134802 	 248289 	 232433 
30.679 	 136267 	 134466 	 248475 	 232880 
30.884 	 135578 	 134857 	 254605 	 233718 
31.089 	 135909 	 134913 	 249489 	 231818 
31.293 	 135546 	 134578 	 248365 	 231147 
31.498 	 136417 	 134802 	 250999 	 232992 
31.702 	 136328 	 134802 	 248432 	 234333 
31.907 	 136426 	 134969 	 252160 	 233606 
32.111 	 136118 	 134802 	 249024 	 232992 
32.316 	 136105 	 134969 	 251546 	 233383 
32.520 	 136233 	 134746 	 246052 	 232321 
32.725 	 135544 	 134578 	 245530 	 232936 
32.929 	 136150 	 134634 	 247115 	 231706 
33.134 	 135485 	 134690 	 253175 	 232992 
33.338 	 135394 	 134857 	 254206 	 236121 
33.543 	 135987 	 134690 	 249989 	 234948 
33.747 	 136124 	 134802 	 250095 	 232098 
33.952 	 135847 	 134746 	 246496 	 230980 
34.157 	 135886 	 134634 	 244827 	 231874 
34.361 	 136316 	 134857 	 251679 	 233551 
34.566 	 136304 	 134857 	 248290 	 234836 
34.770 	 135518 	 134466 	 245982 	 230868 
34.975 	 136139 	 134746 	 251053 	 232377 
35.179 	 136697 	 134913 	 248348 	 231930 
35.384 	 135657 	 134913 	 245111 	 232321 
35.588 	 135770 	 135025 	 248438 	 232209 
35.793 	 136234 	 134522 	 248142 	 232880 
35.997 	 136080 	 135025 	 248222 	 232880 
36.202 	 136120 	 134690 	 251432 	 233439 
36.406 	 136001 	 134746 	 249460 	 233830 
36.611 	 135789 	 134913 	 248894 	 231650 
36.815 	 135876 	 134913 	 249207 	 233439 
37.020 	 136480 	 135249 	 251253 	 234054 
37.224 	 136127 	 135249 	 250302 	 233439 
37.429 	 135762 	 134913 	 248283 	 232824 
37.634 	 136356 	 135025 	 247620 	 233942 
37.838 	 136988 	 135249 	 247473 	 234724 
38.043 	 136974 	 134857 	 251703 	 233606 
38.247 	 136271 	 134913 	 249945 	 232489 
38.452 	 136373 	 135081 	 248573 	 233103 
38.656 	 136023 	 134802 	 252499 	 235842 
38.861 	 136110 	 135137 	 251658 	 233159 
39.065 	 136546 	 135249 	 249871 	 232992 
39.270 	 136585 	 134913 	 248034 	 232936 
39.474 	 136310 	 135081 	 249301 	 233495 
39.679 	 135680 	 135025 	 248622 	 233271 
39.883 	 136106 	 135472 	 250642 	 232824 
40.088 	 136810 	 134913 	 248553 	 235004 
40.292 	 135756 	 134857 	 247521 	 233439 
40.497 	 136728 	 135249 	 250420 	 233942 
40.701 	 137040 	 135025 	 250523 	 233718 
40.906 	 136097 	 135025 	 247216 	 234445 
41.111 	 136297 	 134913 	 253566 	 234165 
41.315 	 136393 	 135081 	 249518 	 233998 
41.520 	 136196 	 135137 	 250716 	 233718 
41.724 	 136759 	 135137 	 248340 	 234892 
41.929 	 136239 	 135249 	 247947 	 235562 
42.133 	 136512 	 135025 	 243488 	 233606 
42.338 	 136535 	 135081 	 250448 	 236121 
42.542 	 136208 	 135305 	 250143 	 235842 
42.747 	 137068 	 135305 	 253712 	 236065 
42.951 	 136334 	 135081 	 250317 	 235339 
43.156 	 136666 	 135025 	 252132 	 235339 
43.360 	 136599 	 135137 	 252489 	 234668 
43.565 	 136181 	 135025 	 247474 	 234892 
43.769 	 136141 	 134913 	 249327 	 235618 
43.974 	 136202 	 135193 	 249373 	 234333 
44.178 	 136816 	 135416 	 254569 	 234054 
44.383 	 136702 	 134857 	 253184 	 234445 
44.588 	 136650 	 135360 	 251177 	 235283 
44.792 	 136453 	 134969 	 250322 	 235507 
44.997 	 136300 	 135081 	 252064 	 235730 
45.201 	 136685 	 134969 	 251303 	 236680 
45.406 	 136592 	 135137 	 256880 	 236177 
45.610 	 136569 	 135193 	 248895 	 234948 
45.815 	 136316 	 135137 	 251109 	 236624 
46.019 	 136144 	 134746 	 247768 	 234948 
46.224 	 136264 	 135305 	 253103 	 238077 
46.428 	 136368 	 134969 	 256417 	 237127 
46.633 	 137137 	 135640 	 253756 	 235507 
46.837 	 136756 	 135360 	 254097 	 236345 
47.042 	 136313 	 135025 	 251846 	 236177 
47.246 	 136943 	 135305 	 248813 	 235842 
47.451 	 136775 	 135137 	 251092 	 235339 
47.655 	 136245 	 135193 	 251720 	 235842 
47.860 	 136519 	 135305 	 250883 	 235898 
48.065 	 136777 	 135249 	 248704 	 234948 
48.269 	 136566 	 135081 	 251480 	 237686 
48.474 	 136319 	 135249 	 246970 	 234612 
48.678 	 136035 	 135360 	 250309 	 236010 
48.883 	 136339 	 135025 	 249562 	 235227 
49.087 	 135888 	 134857 	 251192 	 235171 
49.292 	 136408 	 135305 	 246937 	 234557 
49.496 	 136823 	 135472 	 249266 	 234724 
49.701 	 136627 	 135472 	 249851 	 233830 
49.905 	 136441 	 135249 	 252219 	 234612 
50.110 	 136459 	 135025 	 250119 	 235004 
50.314 	 137021 	 135193 	 250163 	 235786 
50.519 	 136061 	 135137 	 253461 	 235227 
50.723 	 135645 	 135305 	 251571 	 236680 
50.928 	 136194 	 135193 	 255186 	 235730 
51.132 	 136234 	 135081 	 251387 	 236624 
51.337 	 136034 	 135081 	 250615 	 235227 
51.542 	 136453 	 135472 	 248457 	 236177 
51.746 	 136621 	 135025 	 251398 	 235451 
51.951 	 136105 	 134857 	 251110 	 235507 
52.155 	 136081 	 135081 	 249493 	 236457 
52.360 	 136124 	 135193 	 250596 	 235786 
52.564 	 136403 	 135360 	 251616 	 236121 
52.769 	 135972 	 135137 	 250935 	 237686 
52.973 	 136209 	 135137 	 252337 	 236848 
53.178 	 136558 	 135137 	 250971 	 235954 
53.382 	 136621 	 135025 	 251777 	 235842 
53.587 	 136496 	 135416 	 251318 	 234445 
53.791 	 137090 	 135025 	 248295 	 235898 
53.996 	 135797 	 135137 	 248285 	 235283 
54.200 	 136840 	 135193 	 253023 	 235674 
54.405 	 136167 	 135025 	 252993 	 234948 
54.610 	 136718 	 135416 	 251529 	 236736 
54.814 	 136773 	 135081 	 254719 	 237966 
55.019 	 135948 	 135137 	 250841 	 236624 
55.223 	 136427 	 135305 	 252304 	 237127 
55.428 	 136235 	 135305 	 250557 	 236401 
55.632 	 136380 	 135137 	 253907 	 235842 
55.837 	 136842 	 135360 	 251528 	 236065 
56.041 	 136961 	 135081 	 252174 	 237519 
56.246 	 136578 	 135193 	 248871 	 237463 
56.450 	 136708 	 135193 	 249056 	 236960 
56.655 	 136751 	 135305 	 251068 	 237295 
56.859 	 136696 	 135249 	 251753 	 236121 
57.064 	 136960 	 135249 	 249610 	 237239 
57.268 	 136970 	 135193 	 252468 	 234780 
57.473 	 136787 	 134969 	 250249 	 236289 
57.677 	 136242 	 135360 	 248931 	 236233 
57.882 	 136154 	 135081 	 253120 	 237519 
58.087 	 136751 	 135528 	 253043 	 236345 
58.291 	 136776 	 135249 	 247153 	 237016 
58.496 	 136596 	 135305 	 247106 	 235283 
58.700 	 135873 	 135193 	 247332 	 235115 
58.905 	 136321 	 135472 	 248060 	 237239 
59.109 	 136067 	 135081 	 247699 	 235451 
59.314 	 136507 	 135528 	 247662 	 235786 
59.518 	 136692 	 135249 	 252168 	 235842 
59.723 	 136228 	 135081 	 251576 	 237854 
59.927 	 136519 	 135137 	 251486 	 237463 
60.132 	 136190 	 135472 	 254706 	 238636 
60.336 	 136964 	 135193 	 253591 	 237463 
60.541 	 136377 	 135360 	 253266 	 237966 
60.745 	 137030 	 135416 	 250640 	 236345 
60.950 	 137128 	 135193 	 253768 	 238692 
61.154 	 135952 	 135081 	 250576 	 237574 
61.359 	 136167 	 135081 	 248753 	 236401 
61.564 	 136316 	 135193 	 247094 	 236513 
61.768 	 137038 	 135025 	 252878 	 238580 
61.973 	 136410 	 135081 	 251801 	 236960 
62.177 	 136165 	 135193 	 248093 	 236904 
62.382 	 135746 	 134857 	 252850 	 236792 
62.586 	 135955 	 135305 	 248110 	 236345 
62.791 	 136405 	 135360 	 250077 	 237351 
62.995 	 136849 	 135193 	 251930 	 238692 
63.200 	 136823 	 135137 	 250674 	 235395 
63.404 	 135945 	 135137 	 249554 	 236457 
63.609 	 136064 	 135137 	 248548 	 235562 
63.813 	 136594 	 135193 	 248443 	 236457 
64.018 	 136422 	 134857 	 251255 	 236177 
64.222 	 135945 	 134969 	 250885 	 236289 
64.427 	 136414 	 135360 	 252011 	 236792 
64.631 	 137235 	 135249 	 253730 	 237463 
64.836 	 136464 	 135249 	 247668 	 235618 
65.041 	 136226 	 135081 	 251213 	 236233 
65.245 	 136716 	 135360 	 248459 	 235451 
65.450 	 136551 	 135025 	 248981 	 235395 
65.654 	 136150 	 135137 	 249553 	 235115 
65.859 	 137122 	 135025 	 247936 	 235786 
66.063 	 136971 	 135249 	 244801 	 237463 
66.268 	 136566 	 135360 	 244795 	 236345 
66.472 	 136312 	 134969 	 249180 	 236065 
66.677 	 136356 	 135193 	 248313 	 236904 
66.881 	 136036 	 135305 	 249638 	 236904 
67.086 	 137200 	 135081 	 250979 	 236457 
67.290 	 135888 	 135025 	 248869 	 235674 
67.495 	 136675 	 135305 	 250550 	 238245 
67.699 	 136350 	 135249 	 252097 	 237798 
67.904 	 136469 	 135305 	 250010 	 236457 
68.108 	 136250 	 135193 	 248737 	 235730 
68.313 	 136685 	 135193 	 253994 	 237798 
68.518 	 136832 	 135249 	 250123 	 236736 
68.722 	 136745 	 135081 	 249305 	 236513 
68.927 	 136210 	 135025 	 252350 	 236680 
69.131 	 136453 	 135025 	 249655 	 235898 
69.336 	 136394 	 135025 	 247095 	 235507 
69.540 	 135862 	 134969 	 251345 	 236010 
69.745 	 136334 	 135137 	 252937 	 236121 
69.949 	 136277 	 135193 	 252021 	 237910 
70.154 	 137381 	 135193 	 246837 	 237798 
70.358 	 135805 	 135025 	 248303 	 236904 
70.563 	 136307 	 135360 	 246049 	 234333 
70.767 	 136116 	 134913 	 249746 	 236233 
70.972 	 136572 	 135193 	 252554 	 237239 
71.176 	 136567 	 135081 	 249782 	 237016 
71.381 	 137085 	 135193 	 246116 	 237854 
71.585 	 136682 	 135305 	 250303 	 238804 
71.790 	 136587 	 135305 	 250609 	 235898 
71.995 	 136683 	 135472 	 248555 	 235283 
72.199 	 136891 	 135528 	 251480 	 236568 
72.404 	 136483 	 135416 	 249523 	 236960 
72.608 	 136148 	 135305 	 250012 	 236680 
72.813 	 136513 	 135416 	 247881 	 236345 
