Time [s] 	 CH1 	 BGND1 	 CH2 	 BGND2 
0.000 	 197224 	 133484 	 141743 	 130656 
0.205 	 194471 	 133429 	 142208 	 130823 
0.409 	 195272 	 133708 	 142073 	 130767 
0.614 	 197647 	 133540 	 141149 	 130767 
0.818 	 195986 	 133820 	 141290 	 130711 
1.023 	 198990 	 133429 	 141622 	 130767 
1.227 	 197543 	 133708 	 142371 	 130767 
1.432 	 196778 	 133876 	 141850 	 130767 
1.636 	 196065 	 133708 	 142164 	 130767 
1.841 	 193644 	 133764 	 141739 	 130823 
2.045 	 194549 	 133708 	 141376 	 130879 
2.250 	 196283 	 133652 	 141066 	 130767 
2.454 	 195446 	 133429 	 141960 	 130823 
2.659 	 196476 	 133708 	 142530 	 130823 
2.863 	 194273 	 133596 	 142112 	 130711 
3.068 	 195389 	 133820 	 141245 	 130711 
3.272 	 194283 	 133876 	 141225 	 130711 
3.477 	 193445 	 133931 	 141795 	 130767 
3.682 	 197344 	 133596 	 141992 	 130711 
3.886 	 196909 	 133764 	 141412 	 130823 
4.091 	 194798 	 133764 	 141619 	 130711 
4.295 	 194975 	 133764 	 140564 	 130823 
4.500 	 194690 	 133596 	 141611 	 130711 
4.704 	 195939 	 133876 	 142359 	 130823 
4.909 	 195525 	 133708 	 141088 	 130711 
5.113 	 196246 	 133708 	 142389 	 130879 
5.318 	 196513 	 133764 	 142498 	 130767 
5.522 	 199645 	 133764 	 143313 	 130767 
5.727 	 194643 	 133540 	 142401 	 130656 
5.931 	 198202 	 133876 	 142232 	 130767 
6.136 	 195835 	 133429 	 141887 	 130823 
6.340 	 197599 	 133764 	 142660 	 130823 
6.545 	 193412 	 133652 	 141302 	 130823 
6.749 	 197907 	 133540 	 140553 	 130879 
6.954 	 198023 	 133652 	 140652 	 130879 
7.159 	 197184 	 133876 	 143159 	 131326 
7.363 	 201784 	 133876 	 146926 	 137026 
7.568 	 196364 	 134434 	 162028 	 149600 
7.772 	 198229 	 134490 	 176623 	 164353 
7.977 	 201352 	 134714 	 188075 	 175977 
8.181 	 200558 	 135049 	 197719 	 186204 
8.386 	 200419 	 135049 	 204899 	 192798 
8.590 	 201639 	 134937 	 209496 	 196933 
8.795 	 201796 	 134770 	 211529 	 199895 
8.999 	 204711 	 134993 	 214146 	 203528 
9.204 	 199644 	 135217 	 215964 	 203136 
9.408 	 203621 	 135328 	 215082 	 203025 
9.613 	 205853 	 135105 	 216994 	 204925 
9.817 	 205033 	 135496 	 215625 	 205707 
10.022 	 203747 	 135105 	 216119 	 204757 
10.226 	 204838 	 135384 	 220404 	 207439 
10.431 	 206189 	 135831 	 220065 	 206769 
10.636 	 204247 	 135328 	 221235 	 207048 
10.840 	 203237 	 135272 	 219469 	 207831 
11.045 	 207485 	 135384 	 220329 	 208948 
11.249 	 206872 	 135440 	 221000 	 208278 
11.454 	 205487 	 135272 	 221357 	 208389 
11.658 	 204756 	 135719 	 221554 	 209116 
11.863 	 206000 	 135217 	 221017 	 210513 
12.067 	 205317 	 135496 	 219036 	 208837 
12.272 	 209908 	 135831 	 221054 	 209060 
12.476 	 208997 	 135440 	 220856 	 209507 
12.681 	 205167 	 135217 	 222462 	 211072 
12.885 	 204045 	 135272 	 220538 	 209954 
13.090 	 203223 	 134881 	 226430 	 212469 
13.294 	 207699 	 135552 	 224756 	 211463 
13.499 	 204137 	 135272 	 225089 	 211910 
13.704 	 207336 	 135440 	 223173 	 211854 
13.908 	 206073 	 135384 	 221695 	 211575 
14.113 	 203806 	 135496 	 223878 	 211742 
14.317 	 206823 	 135664 	 221540 	 212022 
14.522 	 205702 	 135328 	 222532 	 211240 
14.726 	 202675 	 135217 	 223318 	 212413 
14.931 	 205489 	 135272 	 226734 	 213587 
15.135 	 207036 	 135496 	 223546 	 211575 
15.340 	 203525 	 135272 	 224056 	 212469 
15.544 	 206975 	 135440 	 226364 	 214201 
15.749 	 208693 	 135608 	 225106 	 211519 
15.953 	 205969 	 135496 	 225726 	 212245 
16.158 	 203063 	 135384 	 230688 	 212357 
16.362 	 206896 	 135496 	 223922 	 211463 
16.567 	 204955 	 135328 	 225022 	 212581 
16.771 	 206188 	 135552 	 225629 	 213419 
16.976 	 204558 	 135775 	 228107 	 213531 
17.181 	 205778 	 135608 	 224923 	 213475 
17.385 	 202920 	 135496 	 228582 	 214648 
17.590 	 207808 	 135440 	 225203 	 213978 
17.794 	 206814 	 135272 	 226859 	 213922 
17.999 	 205905 	 135608 	 226195 	 214034 
18.203 	 205623 	 135719 	 224924 	 214369 
18.408 	 204401 	 135719 	 223702 	 212692 
18.612 	 206626 	 135496 	 227086 	 213978 
18.817 	 204544 	 135999 	 225572 	 213754 
19.021 	 206416 	 135664 	 224589 	 213475 
19.226 	 202785 	 135496 	 225115 	 213195 
19.430 	 203691 	 135608 	 225441 	 213419 
19.635 	 203252 	 135552 	 224747 	 213195 
19.839 	 203041 	 135831 	 225452 	 212357 
20.044 	 203401 	 135719 	 226066 	 215263 
20.248 	 201860 	 135496 	 226890 	 213810 
20.453 	 205356 	 135496 	 226036 	 212525 
20.658 	 205401 	 135608 	 225487 	 213195 
20.862 	 205492 	 135664 	 226859 	 215040 
21.067 	 202494 	 135496 	 226801 	 214760 
21.271 	 207034 	 135664 	 228225 	 214537 
21.476 	 205108 	 135664 	 226651 	 214648 
21.680 	 205012 	 135440 	 227504 	 214313 
21.885 	 206271 	 135664 	 228430 	 214984 
22.089 	 208643 	 135608 	 226218 	 214928 
22.294 	 205509 	 135775 	 228890 	 215654 
22.498 	 207292 	 136055 	 230289 	 215207 
22.703 	 207492 	 135719 	 227358 	 215766 
22.907 	 207952 	 135887 	 226148 	 215598 
23.112 	 208100 	 135719 	 226461 	 213810 
23.316 	 206050 	 135664 	 228055 	 216157 
23.521 	 207477 	 135887 	 229886 	 215207 
23.725 	 208200 	 135999 	 228251 	 214704 
23.930 	 205227 	 135831 	 227219 	 215990 
24.135 	 205513 	 135999 	 228996 	 215207 
24.339 	 206785 	 136222 	 226776 	 216716 
24.544 	 205694 	 135608 	 228814 	 214928 
24.748 	 206504 	 135608 	 232307 	 216046 
24.953 	 204758 	 135608 	 229158 	 216157 
25.157 	 207273 	 135775 	 230435 	 215598 
25.362 	 205373 	 135664 	 227668 	 214760 
25.566 	 208747 	 135440 	 228138 	 215263 
25.771 	 206253 	 135496 	 227397 	 215040 
25.975 	 204422 	 135608 	 231638 	 216101 
26.180 	 204976 	 135608 	 224008 	 213587 
26.384 	 204051 	 135664 	 229710 	 215263 
26.589 	 203351 	 136278 	 228626 	 215710 
26.793 	 205966 	 135608 	 228553 	 214928 
26.998 	 209323 	 135831 	 229670 	 215543 
27.202 	 204208 	 135999 	 227295 	 215319 
27.407 	 204777 	 135664 	 227630 	 215207 
27.612 	 207788 	 135664 	 227343 	 215095 
27.816 	 204437 	 135496 	 225290 	 215654 
28.021 	 204888 	 135887 	 227654 	 216269 
28.225 	 207850 	 135999 	 230459 	 215487 
28.430 	 206225 	 135552 	 227858 	 215431 
28.634 	 205113 	 135719 	 230425 	 217051 
28.839 	 203902 	 135775 	 229399 	 215710 
29.043 	 209854 	 135887 	 227957 	 218504 
29.248 	 205797 	 135887 	 227896 	 216996 
29.452 	 208920 	 135887 	 229567 	 215543 
29.657 	 209710 	 136055 	 228087 	 215319 
29.861 	 208831 	 135943 	 228210 	 215040 
30.066 	 207128 	 136222 	 229409 	 217498 
30.270 	 205871 	 136055 	 229728 	 217946 
30.475 	 208062 	 135552 	 229582 	 215431 
30.679 	 202876 	 135999 	 231112 	 216996 
30.884 	 206250 	 135887 	 232308 	 218448 
31.089 	 203623 	 135943 	 226506 	 216046 
31.293 	 206670 	 136055 	 228380 	 215934 
31.498 	 203893 	 135775 	 229233 	 215487 
31.702 	 207496 	 135943 	 227133 	 215375 
31.907 	 207420 	 136055 	 229316 	 216828 
32.111 	 209304 	 135831 	 229416 	 216101 
32.316 	 208456 	 136111 	 226824 	 215319 
32.520 	 206901 	 136111 	 228923 	 216772 
32.725 	 202447 	 135943 	 227470 	 216437 
32.929 	 206266 	 135719 	 228067 	 214760 
33.134 	 208202 	 135943 	 226728 	 215263 
33.338 	 205733 	 136055 	 226529 	 216493 
33.543 	 208565 	 135775 	 228550 	 216325 
33.747 	 208686 	 136725 	 227124 	 214648 
33.952 	 205944 	 136111 	 225428 	 215487 
34.157 	 204445 	 135719 	 225372 	 214425 
34.361 	 205800 	 136111 	 225589 	 215878 
34.566 	 207213 	 136166 	 225108 	 215934 
34.770 	 208625 	 136055 	 224056 	 216046 
34.975 	 206384 	 135775 	 228141 	 217610 
35.179 	 206812 	 135999 	 227529 	 217722 
35.384 	 207764 	 136278 	 228365 	 217946 
35.588 	 209328 	 136055 	 226981 	 215654 
35.793 	 208333 	 135943 	 229199 	 218281 
35.997 	 208011 	 136166 	 227178 	 217443 
36.202 	 207933 	 136166 	 232264 	 219566 
36.406 	 206505 	 136334 	 229904 	 216884 
36.611 	 205894 	 135999 	 227749 	 216548 
36.815 	 208584 	 136334 	 226069 	 216157 
37.020 	 205713 	 135831 	 225928 	 216157 
37.224 	 207931 	 136111 	 228810 	 217163 
37.429 	 208390 	 136278 	 229327 	 215822 
37.634 	 208237 	 136222 	 228941 	 215710 
37.838 	 209150 	 136278 	 226779 	 217498 
38.043 	 208031 	 136222 	 229115 	 215878 
38.247 	 208321 	 136334 	 227960 	 216548 
38.452 	 207038 	 136166 	 225893 	 215934 
38.656 	 205459 	 135608 	 230579 	 218616 
38.861 	 206248 	 135831 	 228825 	 218057 
39.065 	 207504 	 136278 	 231319 	 217275 
39.270 	 206628 	 135887 	 230188 	 218113 
39.474 	 208368 	 135664 	 227288 	 217275 
39.679 	 206560 	 136446 	 229111 	 217666 
39.883 	 207019 	 136278 	 228549 	 217443 
40.088 	 205718 	 136725 	 230538 	 217107 
40.292 	 205325 	 136166 	 227951 	 218057 
40.497 	 207611 	 136111 	 227078 	 217946 
40.701 	 209983 	 136334 	 230358 	 217219 
40.906 	 208359 	 136055 	 233756 	 217219 
41.111 	 207994 	 136334 	 230241 	 216884 
41.315 	 206131 	 136166 	 227225 	 217275 
41.520 	 209807 	 135943 	 229494 	 216604 
41.724 	 204519 	 136111 	 231790 	 218001 
41.929 	 204321 	 136446 	 230703 	 218504 
42.133 	 207221 	 136278 	 229818 	 217722 
42.338 	 208598 	 136166 	 231343 	 218504 
42.542 	 209460 	 136222 	 229257 	 218169 
42.747 	 209081 	 136222 	 230368 	 217610 
42.951 	 208141 	 136446 	 231270 	 216940 
43.156 	 210790 	 136166 	 228848 	 217946 
43.360 	 208328 	 136613 	 229292 	 218113 
43.565 	 207606 	 136502 	 229878 	 217107 
43.769 	 207658 	 136334 	 233883 	 219510 
43.974 	 205283 	 136111 	 230816 	 217498 
44.178 	 206079 	 136166 	 231537 	 218504 
44.383 	 207945 	 136390 	 231698 	 218393 
44.588 	 208184 	 136390 	 228208 	 217946 
44.792 	 207422 	 136446 	 230554 	 219175 
44.997 	 207069 	 136502 	 229958 	 219454 
45.201 	 205741 	 136334 	 230821 	 220516 
45.406 	 207515 	 136334 	 228453 	 218393 
45.610 	 209116 	 136502 	 233155 	 218951 
45.815 	 204383 	 136390 	 232086 	 220460 
46.019 	 208686 	 136390 	 229691 	 219957 
46.224 	 209473 	 136222 	 231720 	 219399 
46.428 	 208905 	 136055 	 234598 	 221299 
46.633 	 209457 	 136390 	 234197 	 219454 
46.837 	 206392 	 136390 	 232439 	 220293 
47.042 	 208439 	 136334 	 231803 	 218784 
47.246 	 206970 	 136111 	 230412 	 219007 
47.451 	 209710 	 136111 	 233578 	 219119 
47.655 	 210041 	 136166 	 235455 	 220516 
47.860 	 208792 	 136613 	 230775 	 219399 
48.065 	 207816 	 136558 	 230943 	 218169 
48.269 	 206810 	 136334 	 233551 	 219957 
48.474 	 211870 	 136502 	 232493 	 218504 
48.678 	 209955 	 136558 	 231659 	 218560 
48.883 	 210347 	 136166 	 231486 	 218951 
49.087 	 208306 	 136278 	 230734 	 218951 
49.292 	 208559 	 135999 	 232002 	 218672 
49.496 	 209563 	 136446 	 232016 	 217890 
49.701 	 211341 	 136390 	 228956 	 217051 
49.905 	 208712 	 136222 	 229703 	 217331 
50.110 	 209121 	 136222 	 228585 	 218616 
50.314 	 206997 	 136502 	 230900 	 219007 
50.519 	 209362 	 136502 	 231909 	 219287 
50.723 	 210275 	 136669 	 230669 	 219175 
50.928 	 208862 	 136222 	 230919 	 219901 
51.132 	 208970 	 136166 	 232747 	 219678 
51.337 	 210506 	 136278 	 228877 	 220069 
51.542 	 208363 	 136558 	 231946 	 219790 
51.746 	 209918 	 136055 	 231168 	 220684 
51.951 	 208227 	 136222 	 233457 	 220181 
52.155 	 206819 	 136222 	 231133 	 219957 
52.360 	 206429 	 136669 	 231013 	 219957 
52.564 	 208297 	 136055 	 228572 	 218840 
52.769 	 212966 	 136222 	 230889 	 219454 
52.973 	 208514 	 136278 	 229699 	 219287 
53.178 	 208744 	 136558 	 228964 	 219678 
53.382 	 206975 	 136334 	 230021 	 219231 
53.587 	 207788 	 136222 	 234400 	 217778 
53.791 	 212736 	 136446 	 227535 	 219231 
53.996 	 207538 	 136166 	 232769 	 219510 
54.200 	 205928 	 136278 	 231249 	 219622 
54.405 	 207953 	 136334 	 231162 	 219510 
54.610 	 207914 	 136390 	 231843 	 221075 
54.814 	 212641 	 136502 	 231032 	 220404 
55.019 	 211250 	 136558 	 233990 	 220069 
55.223 	 209430 	 136334 	 231250 	 219678 
55.428 	 207975 	 136613 	 234075 	 219901 
55.632 	 208097 	 136669 	 232038 	 219343 
55.837 	 210114 	 136613 	 228637 	 218448 
56.041 	 207945 	 136334 	 231481 	 219454 
56.246 	 204275 	 136725 	 230605 	 219622 
56.450 	 209337 	 136334 	 235069 	 219399 
56.655 	 208485 	 136725 	 233304 	 221075 
56.859 	 209614 	 136669 	 229356 	 219510 
57.064 	 209540 	 136334 	 229912 	 218840 
57.268 	 210300 	 136613 	 230032 	 220013 
57.473 	 208988 	 136166 	 231397 	 220684 
57.677 	 206230 	 136446 	 233538 	 219119 
57.882 	 212195 	 136390 	 232801 	 219678 
58.087 	 207386 	 136278 	 232079 	 218616 
58.291 	 206920 	 136055 	 228946 	 218840 
58.496 	 207938 	 136613 	 230218 	 218113 
58.700 	 206956 	 136334 	 229421 	 218840 
58.905 	 207873 	 136669 	 233946 	 219790 
59.109 	 210192 	 136558 	 230531 	 218840 
59.314 	 208091 	 136558 	 228267 	 217387 
59.518 	 208069 	 136613 	 232340 	 219063 
59.723 	 211166 	 136222 	 231641 	 219734 
59.927 	 208923 	 136446 	 233184 	 219734 
60.132 	 209670 	 136278 	 231338 	 218225 
60.336 	 210224 	 136502 	 231668 	 219790 
60.541 	 206329 	 136111 	 230279 	 219007 
60.745 	 208030 	 136669 	 232864 	 220181 
60.950 	 208440 	 136166 	 231883 	 220349 
61.154 	 209098 	 136502 	 230798 	 219510 
61.359 	 209572 	 137005 	 230330 	 219510 
61.564 	 206560 	 136334 	 233445 	 218840 
61.768 	 208170 	 136334 	 230721 	 219566 
61.973 	 208297 	 136390 	 233848 	 219901 
62.177 	 209859 	 136558 	 232173 	 219231 
62.382 	 211322 	 136669 	 229975 	 218616 
62.586 	 212611 	 136390 	 232509 	 221299 
62.791 	 206971 	 136446 	 232398 	 219287 
62.995 	 207550 	 136111 	 232197 	 219678 
63.200 	 208614 	 136278 	 231523 	 220349 
63.404 	 210743 	 136725 	 234310 	 220181 
63.609 	 210526 	 136613 	 230317 	 220907 
63.813 	 212490 	 135887 	 233855 	 220237 
64.018 	 206985 	 136222 	 235267 	 221075 
64.222 	 209343 	 136558 	 232670 	 219510 
64.427 	 205514 	 136502 	 235445 	 219678 
64.631 	 209054 	 136111 	 231773 	 219734 
64.836 	 206460 	 136502 	 233333 	 220181 
65.041 	 207976 	 136669 	 232439 	 219454 
65.245 	 206930 	 136446 	 229200 	 218840 
65.450 	 206387 	 136278 	 233571 	 218169 
65.654 	 209936 	 135999 	 232492 	 218840 
65.859 	 206628 	 136222 	 232169 	 219119 
66.063 	 207801 	 136837 	 234129 	 220181 
66.268 	 207195 	 136502 	 231118 	 218784 
66.472 	 208361 	 136502 	 231233 	 218784 
66.677 	 208126 	 136446 	 234452 	 221410 
66.881 	 207894 	 136558 	 236499 	 221075 
67.086 	 208751 	 136669 	 233918 	 219231 
67.290 	 209606 	 136390 	 231114 	 218225 
67.495 	 206879 	 136390 	 234588 	 220963 
67.699 	 208940 	 136669 	 234816 	 221019 
67.904 	 207084 	 136725 	 235974 	 219231 
68.108 	 207032 	 136502 	 228842 	 219622 
68.313 	 205906 	 136837 	 233362 	 220963 
68.518 	 206897 	 136893 	 235995 	 219734 
68.722 	 208798 	 136669 	 232729 	 219454 
68.927 	 206495 	 136446 	 233303 	 219175 
69.131 	 207412 	 136278 	 231023 	 218001 
69.336 	 209356 	 136502 	 230591 	 217890 
69.540 	 205561 	 136725 	 233325 	 217554 
69.745 	 208313 	 136669 	 232688 	 219175 
69.949 	 210101 	 136558 	 232302 	 219790 
70.154 	 208171 	 136446 	 234739 	 220572 
70.358 	 208039 	 136278 	 232822 	 221131 
70.563 	 207431 	 136502 	 233820 	 220572 
70.767 	 208632 	 136446 	 232904 	 219454 
70.972 	 208612 	 136446 	 233275 	 219566 
71.176 	 206145 	 136837 	 235155 	 220516 
71.381 	 207604 	 136725 	 238513 	 220404 
71.585 	 211034 	 136558 	 235746 	 221634 
71.790 	 211059 	 136390 	 234111 	 219846 
71.995 	 206974 	 136837 	 233872 	 220516 
72.199 	 208168 	 136446 	 233656 	 221243 
72.404 	 205247 	 136334 	 234606 	 221578 
72.608 	 207274 	 136446 	 231137 	 220684 
72.813 	 204695 	 136781 	 233702 	 219119 
