Time [s] 	 CH1 	 BGND1 	 CH2 	 BGND2 
0.000 	 135369 	 131653 	 138653 	 130339 
0.205 	 135040 	 131821 	 138861 	 130507 
0.409 	 135552 	 131598 	 138861 	 130563 
0.614 	 135368 	 131598 	 138162 	 130451 
0.818 	 135515 	 131765 	 138254 	 130451 
1.023 	 134790 	 131765 	 137861 	 130395 
1.227 	 135391 	 131653 	 138437 	 130451 
1.432 	 135060 	 131542 	 138750 	 130395 
1.636 	 135589 	 131709 	 138981 	 130451 
1.841 	 134847 	 131709 	 138017 	 130451 
2.045 	 134635 	 131709 	 138805 	 130507 
2.250 	 135338 	 131709 	 138079 	 130451 
2.454 	 134208 	 131598 	 137312 	 130451 
2.659 	 134804 	 131709 	 137401 	 130451 
2.863 	 135331 	 131989 	 137596 	 130507 
3.068 	 134798 	 131598 	 137607 	 130451 
3.272 	 134885 	 131653 	 139255 	 130507 
3.477 	 135349 	 131765 	 138042 	 130451 
3.682 	 135132 	 131709 	 137889 	 130395 
3.886 	 135167 	 131765 	 138184 	 130395 
4.091 	 135425 	 131821 	 137300 	 130451 
4.295 	 135299 	 131542 	 138899 	 130395 
4.500 	 135529 	 131598 	 139146 	 130507 
4.704 	 134793 	 131542 	 138734 	 130395 
4.909 	 135210 	 131709 	 139022 	 130395 
5.113 	 135232 	 131765 	 138736 	 130339 
5.318 	 134813 	 131598 	 137030 	 130339 
5.522 	 135747 	 131542 	 138841 	 130451 
5.727 	 135496 	 131765 	 138225 	 130395 
5.931 	 134921 	 131709 	 137502 	 130451 
6.136 	 135614 	 131709 	 137686 	 130507 
6.340 	 134959 	 131598 	 137937 	 130395 
6.545 	 135056 	 131598 	 137726 	 130339 
6.749 	 135232 	 131709 	 139137 	 130507 
6.954 	 134993 	 131653 	 139130 	 130563 
7.159 	 135260 	 131933 	 137550 	 131066 
7.363 	 135724 	 131933 	 144866 	 136543 
7.568 	 135291 	 132100 	 157461 	 148783 
7.772 	 136491 	 132492 	 170862 	 163036 
7.977 	 136304 	 132827 	 182069 	 174661 
8.181 	 136807 	 132827 	 191500 	 184945 
8.386 	 137223 	 133162 	 195861 	 190031 
8.590 	 137210 	 132995 	 202898 	 195620 
8.795 	 136785 	 132827 	 204758 	 198806 
8.999 	 137248 	 132883 	 209588 	 200595 
9.204 	 137814 	 132883 	 207332 	 202216 
9.408 	 137826 	 132939 	 212123 	 204004 
9.613 	 136961 	 133218 	 211442 	 205905 
9.817 	 137375 	 133330 	 213893 	 207022 
10.022 	 136942 	 132939 	 212811 	 206352 
10.226 	 137198 	 133162 	 215544 	 209537 
10.431 	 136676 	 133218 	 217107 	 208252 
10.636 	 137393 	 133274 	 214232 	 207805 
10.840 	 138110 	 133162 	 213914 	 207917 
11.045 	 137397 	 133106 	 214089 	 208028 
11.249 	 137492 	 133274 	 215186 	 209314 
11.454 	 137729 	 133218 	 215992 	 210152 
11.658 	 137105 	 133274 	 217481 	 210320 
11.863 	 137489 	 133218 	 217411 	 211438 
12.067 	 138226 	 133218 	 217230 	 210096 
12.272 	 137952 	 132939 	 214709 	 211661 
12.476 	 137089 	 133106 	 216826 	 211605 
12.681 	 138120 	 133050 	 216662 	 210991 
12.885 	 137348 	 133050 	 217174 	 211494 
13.090 	 137379 	 133106 	 219467 	 213170 
13.294 	 137414 	 133274 	 215235 	 211158 
13.499 	 137148 	 133330 	 219068 	 211326 
13.704 	 137599 	 133386 	 220659 	 213003 
13.908 	 137427 	 133442 	 221186 	 214847 
14.113 	 137718 	 133162 	 221107 	 212779 
14.317 	 137597 	 133106 	 218471 	 211158 
14.522 	 138048 	 133386 	 218497 	 211102 
14.726 	 138247 	 133218 	 216990 	 211382 
14.931 	 137451 	 133162 	 220403 	 212947 
15.135 	 137607 	 133330 	 219925 	 211885 
15.340 	 137391 	 133386 	 217533 	 210376 
15.544 	 137195 	 133442 	 216264 	 212891 
15.749 	 137574 	 133553 	 216512 	 212276 
15.953 	 137641 	 133218 	 221780 	 213841 
16.158 	 137514 	 133442 	 217761 	 213618 
16.362 	 138106 	 133497 	 221970 	 213673 
16.567 	 138026 	 133665 	 218119 	 213618 
16.771 	 137712 	 133274 	 221696 	 213226 
16.976 	 138326 	 133442 	 218456 	 213282 
17.181 	 138133 	 133497 	 219622 	 215853 
17.385 	 137609 	 133386 	 218244 	 214065 
17.590 	 137887 	 133218 	 217851 	 213953 
17.794 	 137373 	 133274 	 218453 	 214009 
17.999 	 137772 	 133609 	 221536 	 214344 
18.203 	 137838 	 133386 	 221426 	 214791 
18.408 	 137901 	 133330 	 221373 	 214176 
18.612 	 138075 	 133330 	 223679 	 214903 
18.817 	 137393 	 133162 	 220197 	 214065 
19.021 	 137566 	 133442 	 218317 	 212164 
19.226 	 137001 	 133665 	 221637 	 214288 
19.430 	 137717 	 133330 	 222799 	 215294 
19.635 	 138151 	 133497 	 220259 	 213841 
19.839 	 137725 	 133386 	 219178 	 213673 
20.044 	 137264 	 133330 	 221366 	 215294 
20.248 	 137708 	 133330 	 221851 	 214065 
20.453 	 137410 	 133218 	 221212 	 217195 
20.658 	 137933 	 133386 	 220906 	 215630 
20.862 	 137528 	 133274 	 222426 	 215797 
21.067 	 138402 	 133386 	 223342 	 216412 
21.271 	 137335 	 133106 	 221784 	 215574 
21.476 	 137723 	 133330 	 221454 	 216189 
21.680 	 139045 	 133777 	 220478 	 215797 
21.885 	 137789 	 133330 	 221544 	 216189 
22.089 	 138111 	 133553 	 221500 	 217027 
22.294 	 137738 	 133609 	 221224 	 215574 
22.498 	 137494 	 133442 	 223699 	 217754 
22.703 	 137851 	 133553 	 222864 	 217474 
22.907 	 138520 	 133553 	 223095 	 215462 
23.112 	 138465 	 133553 	 223178 	 216133 
23.316 	 138359 	 133330 	 224100 	 217362 
23.521 	 138218 	 133442 	 221548 	 215238 
23.725 	 137908 	 133553 	 222275 	 216915 
23.930 	 137530 	 133330 	 222260 	 216524 
24.135 	 137769 	 133553 	 221336 	 216021 
24.339 	 138132 	 133274 	 220847 	 215462 
24.544 	 137879 	 133553 	 221842 	 216077 
24.748 	 138493 	 133665 	 224496 	 216971 
24.953 	 137950 	 133386 	 221692 	 216580 
25.157 	 138268 	 133442 	 221769 	 217250 
25.362 	 138007 	 133330 	 219789 	 215350 
25.566 	 137465 	 133386 	 218672 	 214344 
25.771 	 137368 	 133553 	 222470 	 215406 
25.975 	 137691 	 133609 	 220075 	 215518 
26.180 	 137968 	 133777 	 218724 	 215350 
26.384 	 138390 	 133553 	 222129 	 214791 
26.589 	 137712 	 133665 	 220850 	 217306 
26.793 	 138072 	 133497 	 220430 	 217698 
26.998 	 138435 	 133833 	 218465 	 217083 
27.202 	 138139 	 133609 	 220979 	 217083 
27.407 	 139397 	 133889 	 223657 	 217921 
27.612 	 137837 	 133386 	 219159 	 216356 
27.816 	 138698 	 133553 	 223422 	 217642 
28.021 	 138940 	 133553 	 220258 	 216244 
28.225 	 138437 	 133665 	 223368 	 216300 
28.430 	 138213 	 133665 	 220424 	 216077 
28.634 	 138597 	 133442 	 219640 	 214065 
28.839 	 138654 	 133721 	 222372 	 215574 
29.043 	 138877 	 133777 	 219655 	 215741 
29.248 	 138050 	 133665 	 220444 	 216300 
29.452 	 138555 	 133777 	 220544 	 214959 
29.657 	 137849 	 133777 	 220454 	 215909 
29.861 	 137913 	 133553 	 221642 	 215686 
30.066 	 137652 	 133665 	 219869 	 216915 
30.270 	 138352 	 133553 	 221928 	 217698 
30.475 	 138309 	 133442 	 222585 	 217977 
30.679 	 138451 	 133609 	 220055 	 217027 
30.884 	 137630 	 133721 	 217260 	 216021 
31.089 	 138299 	 133442 	 220003 	 218368 
31.293 	 138711 	 133609 	 221533 	 216803 
31.498 	 138164 	 133553 	 221879 	 217139 
31.702 	 138542 	 133721 	 219898 	 216412 
31.907 	 137596 	 133721 	 222369 	 217642 
32.111 	 137959 	 133833 	 218160 	 216468 
32.316 	 138034 	 133889 	 219882 	 218257 
32.520 	 137984 	 133497 	 222529 	 218201 
32.725 	 138002 	 133665 	 221157 	 216356 
32.929 	 138762 	 133553 	 222281 	 217586 
33.134 	 138245 	 133553 	 220915 	 217418 
33.338 	 138455 	 133777 	 217689 	 216468 
33.543 	 138788 	 133721 	 218217 	 215630 
33.747 	 138321 	 133889 	 223019 	 218033 
33.952 	 138150 	 133833 	 222775 	 218089 
34.157 	 138391 	 133721 	 221780 	 216524 
34.361 	 138540 	 133553 	 221166 	 216244 
34.566 	 139382 	 133777 	 222125 	 215797 
34.770 	 138243 	 133889 	 220649 	 216189 
34.975 	 138678 	 133944 	 221776 	 217027 
35.179 	 138719 	 134000 	 225447 	 219151 
35.384 	 138514 	 133609 	 225419 	 219598 
35.588 	 138969 	 134000 	 222364 	 218368 
35.793 	 138444 	 133889 	 223426 	 220213 
35.997 	 138562 	 133721 	 222628 	 217530 
36.202 	 137415 	 133721 	 220283 	 217474 
36.406 	 138821 	 133721 	 218916 	 217250 
36.611 	 138890 	 133833 	 223601 	 218760 
36.815 	 138392 	 133777 	 220358 	 217418 
37.020 	 138670 	 134000 	 221437 	 217139 
37.224 	 138814 	 134056 	 220246 	 217195 
37.429 	 139160 	 134112 	 223020 	 217530 
37.634 	 138950 	 133553 	 222174 	 217362 
37.838 	 138613 	 133777 	 223503 	 218089 
38.043 	 138289 	 133889 	 219550 	 217418 
38.247 	 138097 	 133833 	 223242 	 218201 
38.452 	 138299 	 134112 	 222671 	 218089 
38.656 	 138755 	 134000 	 223126 	 219151 
38.861 	 138947 	 134056 	 223197 	 219039 
39.065 	 139161 	 133944 	 220060 	 217530 
39.270 	 137603 	 133833 	 219303 	 217474 
39.474 	 139006 	 133889 	 221854 	 217530 
39.679 	 138017 	 133833 	 218119 	 215909 
39.883 	 138456 	 133833 	 223984 	 219039 
40.088 	 138735 	 134112 	 223993 	 217809 
40.292 	 138583 	 134112 	 224711 	 218871 
40.497 	 138910 	 134056 	 225322 	 217865 
40.701 	 138207 	 133833 	 224603 	 218815 
40.906 	 138946 	 134168 	 222311 	 216971 
41.111 	 138574 	 134056 	 221239 	 218089 
41.315 	 139254 	 134112 	 223410 	 217698 
41.520 	 138782 	 133665 	 221470 	 217195 
41.724 	 138031 	 133889 	 221033 	 215909 
41.929 	 137752 	 134056 	 220939 	 216244 
42.133 	 139068 	 134224 	 224160 	 216971 
42.338 	 138664 	 133889 	 223630 	 217809 
42.542 	 138352 	 134000 	 222148 	 218648 
42.747 	 138408 	 133665 	 225589 	 218760 
42.951 	 139338 	 134112 	 224446 	 217977 
43.156 	 138070 	 133553 	 221205 	 216803 
43.360 	 138888 	 134056 	 220978 	 217642 
43.565 	 138699 	 133944 	 223610 	 217250 
43.769 	 138861 	 133777 	 223589 	 216915 
43.974 	 138292 	 134000 	 221159 	 215686 
44.178 	 138585 	 134000 	 224012 	 217754 
44.383 	 138688 	 134056 	 223462 	 216692 
44.588 	 139011 	 134056 	 222494 	 217977 
44.792 	 139489 	 134168 	 224856 	 219542 
44.997 	 138260 	 134000 	 224669 	 218480 
45.201 	 138417 	 134280 	 222291 	 218201 
45.406 	 138506 	 134112 	 223911 	 219095 
45.610 	 138202 	 134056 	 223850 	 218704 
45.815 	 138810 	 133833 	 223757 	 217809 
46.019 	 138712 	 133944 	 222546 	 218927 
46.224 	 139079 	 133777 	 222004 	 216468 
46.428 	 139105 	 134280 	 225801 	 218927 
46.633 	 138770 	 134224 	 225332 	 219318 
46.837 	 139240 	 133833 	 222751 	 219039 
47.042 	 138558 	 134056 	 223859 	 218536 
47.246 	 138828 	 133777 	 224603 	 218424 
47.451 	 139282 	 134000 	 221810 	 219598 
47.655 	 138692 	 134112 	 223093 	 218648 
47.860 	 139076 	 134112 	 226640 	 220213 
48.065 	 138464 	 133944 	 224944 	 220772 
48.269 	 138817 	 133944 	 223911 	 217362 
48.474 	 138427 	 134056 	 224294 	 218648 
48.678 	 138915 	 133944 	 222356 	 218145 
48.883 	 138886 	 133889 	 226429 	 219207 
49.087 	 139112 	 134056 	 223087 	 218648 
49.292 	 139419 	 134000 	 220946 	 217083 
49.496 	 138957 	 134056 	 223718 	 219207 
49.701 	 139399 	 134168 	 224454 	 219263 
49.905 	 138837 	 134112 	 221886 	 218201 
50.110 	 138499 	 133889 	 223645 	 218257 
50.314 	 138683 	 134000 	 221213 	 216580 
50.519 	 139352 	 133944 	 221825 	 218815 
50.723 	 138800 	 133944 	 221661 	 218089 
50.928 	 138541 	 134056 	 222654 	 217362 
51.132 	 138561 	 133944 	 223625 	 218257 
51.337 	 138595 	 133833 	 221732 	 218368 
51.542 	 139018 	 134000 	 222635 	 217027 
51.746 	 138656 	 133889 	 223855 	 218480 
51.951 	 139352 	 133944 	 225705 	 221051 
52.155 	 139157 	 133944 	 222856 	 218927 
52.360 	 138971 	 133721 	 222866 	 218815 
52.564 	 138851 	 133833 	 219308 	 216971 
52.769 	 138396 	 134056 	 224143 	 220436 
52.973 	 139336 	 134000 	 222657 	 219207 
53.178 	 139088 	 134056 	 222873 	 220325 
53.382 	 139401 	 134112 	 222524 	 219374 
53.587 	 138860 	 134056 	 223474 	 218257 
53.791 	 139133 	 133944 	 222994 	 219151 
53.996 	 138721 	 133889 	 224428 	 219989 
54.200 	 139030 	 133721 	 223712 	 219095 
54.405 	 138381 	 134000 	 222200 	 218871 
54.610 	 138568 	 134056 	 224364 	 220213 
54.814 	 138820 	 133889 	 223151 	 219933 
55.019 	 138931 	 133889 	 220775 	 219263 
55.223 	 138946 	 133944 	 220041 	 216468 
55.428 	 139185 	 133944 	 222639 	 217418 
55.632 	 139239 	 134112 	 223541 	 218312 
55.837 	 139040 	 133944 	 220126 	 217530 
56.041 	 139260 	 134000 	 222584 	 219598 
56.246 	 138890 	 133889 	 222057 	 218927 
56.450 	 139113 	 134056 	 223061 	 218648 
56.655 	 139150 	 134112 	 222486 	 217027 
56.859 	 139068 	 133889 	 224783 	 219207 
57.064 	 139679 	 134112 	 220976 	 218368 
57.268 	 139172 	 133944 	 225024 	 219318 
57.473 	 138682 	 133944 	 222528 	 218480 
57.677 	 139074 	 134112 	 223672 	 217921 
57.882 	 137835 	 133721 	 220747 	 217865 
58.087 	 139826 	 134224 	 221400 	 217306 
58.291 	 138982 	 134056 	 218786 	 216747 
58.496 	 139273 	 133833 	 220726 	 216915 
58.700 	 139635 	 133833 	 221914 	 218257 
58.905 	 139392 	 133944 	 222551 	 218648 
59.109 	 139419 	 134056 	 223759 	 219263 
59.314 	 138234 	 133944 	 220536 	 217250 
59.518 	 138767 	 133889 	 221576 	 217083 
59.723 	 138213 	 134112 	 225545 	 218201 
59.927 	 138789 	 134000 	 223321 	 220045 
60.132 	 139100 	 134000 	 221917 	 219654 
60.336 	 138565 	 134000 	 220516 	 216747 
60.541 	 139185 	 133833 	 218361 	 217642 
60.745 	 139147 	 134056 	 221436 	 215909 
60.950 	 139042 	 133889 	 224179 	 218983 
61.154 	 138876 	 133944 	 223932 	 219598 
61.359 	 139206 	 134224 	 221195 	 219095 
61.564 	 139437 	 134056 	 219594 	 218201 
61.768 	 139400 	 133944 	 220880 	 219207 
61.973 	 139344 	 133944 	 220818 	 218480 
62.177 	 138954 	 134336 	 221874 	 219151 
62.382 	 139572 	 133944 	 226112 	 218871 
62.586 	 139442 	 133944 	 224057 	 219821 
62.791 	 139195 	 134056 	 223320 	 220101 
62.995 	 138292 	 133665 	 222026 	 218033 
63.200 	 138894 	 134000 	 222849 	 218704 
63.404 	 139693 	 133721 	 222850 	 219263 
63.609 	 139464 	 133944 	 222133 	 218815 
63.813 	 139261 	 133944 	 220770 	 217306 
64.018 	 139176 	 133889 	 224368 	 220325 
64.222 	 138383 	 134056 	 222478 	 221610 
64.427 	 138701 	 133889 	 223604 	 221051 
64.631 	 139048 	 133833 	 223625 	 220548 
64.836 	 138902 	 133889 	 221474 	 217139 
65.041 	 139083 	 133944 	 222501 	 219374 
65.245 	 138920 	 133889 	 220853 	 220269 
65.450 	 139017 	 133777 	 222746 	 219654 
65.654 	 139427 	 134112 	 223030 	 220939 
65.859 	 139445 	 133889 	 225232 	 220716 
66.063 	 138898 	 134224 	 220838 	 218983 
66.268 	 138593 	 134056 	 221156 	 219766 
66.472 	 139099 	 133777 	 223768 	 217809 
66.677 	 138605 	 133889 	 223897 	 220660 
66.881 	 138969 	 134056 	 220963 	 220101 
67.086 	 139343 	 133944 	 222170 	 218760 
67.290 	 139741 	 134000 	 221239 	 219542 
67.495 	 139191 	 133609 	 223053 	 219095 
67.699 	 139963 	 134000 	 224071 	 221219 
67.904 	 138549 	 134056 	 223272 	 218871 
68.108 	 139066 	 134280 	 223759 	 220101 
68.313 	 139061 	 134000 	 221140 	 218089 
68.518 	 139102 	 134000 	 223813 	 218815 
68.722 	 138970 	 134168 	 225947 	 219598 
68.927 	 138371 	 133777 	 219889 	 216692 
69.131 	 139486 	 134224 	 222811 	 219430 
69.336 	 138806 	 133889 	 222180 	 217362 
69.540 	 139325 	 133889 	 222081 	 217027 
69.745 	 140262 	 133665 	 221292 	 217362 
69.949 	 138932 	 134000 	 224482 	 217977 
70.154 	 139997 	 134224 	 222596 	 218871 
70.358 	 139049 	 134112 	 224692 	 219877 
70.563 	 138768 	 134168 	 223742 	 220604 
70.767 	 138872 	 133944 	 224586 	 220101 
70.972 	 139214 	 133944 	 221038 	 217530 
71.176 	 139284 	 134336 	 224269 	 220492 
71.381 	 139281 	 134056 	 222557 	 218592 
71.585 	 139262 	 134056 	 220749 	 218871 
71.790 	 139705 	 134056 	 224668 	 221442 
71.995 	 139581 	 134224 	 224937 	 222001 
72.199 	 139683 	 134559 	 227935 	 222672 
72.404 	 139330 	 134112 	 221476 	 220716 
72.608 	 139632 	 134112 	 225334 	 220325 
72.813 	 139163 	 134000 	 226523 	 221051 
