Time [s] 	 CH1 	 BGND1 	 CH2 	 BGND2 
0.000 	 131111 	 131333 	 138489 	 130487 
0.205 	 131253 	 131333 	 138189 	 130431 
0.409 	 130926 	 131501 	 139056 	 130598 
0.614 	 131087 	 131389 	 138895 	 130543 
0.818 	 131181 	 131445 	 139097 	 130543 
1.023 	 131168 	 131333 	 138928 	 130598 
1.227 	 131246 	 131557 	 139170 	 130543 
1.432 	 131192 	 131557 	 139024 	 130654 
1.636 	 131475 	 131445 	 138989 	 130543 
1.841 	 131002 	 131389 	 139410 	 130543 
2.045 	 131079 	 131557 	 138530 	 130487 
2.250 	 131113 	 131501 	 141236 	 130543 
2.454 	 131101 	 131389 	 139135 	 130654 
2.659 	 131209 	 131557 	 139215 	 130487 
2.863 	 131182 	 131613 	 138711 	 130598 
3.068 	 131341 	 131501 	 139546 	 130431 
3.272 	 131064 	 131389 	 138458 	 130487 
3.477 	 131214 	 131613 	 140331 	 130543 
3.682 	 131382 	 131389 	 139601 	 130543 
3.886 	 131215 	 131333 	 138611 	 130487 
4.091 	 131271 	 131557 	 140056 	 130487 
4.295 	 131131 	 131389 	 139247 	 130487 
4.500 	 131128 	 131333 	 138094 	 130431 
4.704 	 131333 	 131613 	 139369 	 130543 
4.909 	 130941 	 131445 	 138051 	 130487 
5.113 	 131104 	 131278 	 137869 	 130487 
5.318 	 131032 	 131445 	 136906 	 130375 
5.522 	 131096 	 131445 	 139357 	 130487 
5.727 	 130925 	 131557 	 137074 	 130431 
5.931 	 131377 	 131557 	 140405 	 130598 
6.136 	 130952 	 131389 	 139598 	 130598 
6.340 	 131452 	 131557 	 139067 	 130598 
6.545 	 131082 	 131333 	 139590 	 130543 
6.749 	 131050 	 131445 	 139464 	 130543 
6.954 	 131154 	 131445 	 139848 	 130543 
7.159 	 131448 	 131613 	 139060 	 130989 
7.363 	 131526 	 131725 	 148094 	 138586 
7.568 	 131760 	 132004 	 167085 	 155456 
7.772 	 132066 	 132283 	 186185 	 174280 
7.977 	 132147 	 132619 	 201027 	 190088 
8.181 	 131869 	 132507 	 218435 	 203439 
8.386 	 132435 	 132563 	 223569 	 212153 
8.590 	 132255 	 132675 	 229136 	 216566 
8.795 	 132339 	 132898 	 233285 	 221593 
8.999 	 132444 	 132507 	 236503 	 222878 
9.204 	 132581 	 132786 	 241669 	 225615 
9.408 	 132313 	 132954 	 242042 	 228017 
9.613 	 132458 	 132954 	 243729 	 229525 
9.817 	 132674 	 132842 	 243802 	 230139 
10.022 	 132428 	 132786 	 247691 	 230754 
10.226 	 132619 	 132954 	 247008 	 231368 
10.431 	 132404 	 132786 	 250243 	 231592 
10.636 	 132589 	 133178 	 249823 	 232318 
10.840 	 132681 	 133122 	 247809 	 233826 
11.045 	 132426 	 133010 	 248439 	 233658 
11.249 	 132398 	 133122 	 250997 	 234496 
11.454 	 132541 	 132954 	 252482 	 233770 
11.658 	 132652 	 132898 	 251533 	 234887 
11.863 	 132811 	 133066 	 249205 	 234273 
12.067 	 132506 	 133289 	 251545 	 233603 
12.272 	 132908 	 133010 	 251519 	 234329 
12.476 	 132744 	 132786 	 251306 	 236004 
12.681 	 132800 	 133010 	 249328 	 236060 
12.885 	 132510 	 132954 	 246579 	 235390 
13.090 	 132831 	 133010 	 254115 	 235949 
13.294 	 132449 	 133010 	 250859 	 236954 
13.499 	 132230 	 133010 	 251963 	 237401 
13.704 	 132428 	 133122 	 248220 	 236340 
13.908 	 132745 	 133066 	 250333 	 235222 
14.113 	 132765 	 132954 	 249019 	 238574 
14.317 	 133064 	 133122 	 252082 	 238630 
14.522 	 132716 	 133178 	 255857 	 240306 
14.726 	 132616 	 132954 	 253070 	 239524 
14.931 	 132964 	 133234 	 252107 	 239188 
15.135 	 132843 	 133234 	 250617 	 240026 
15.340 	 133211 	 133066 	 255679 	 240641 
15.544 	 132633 	 133178 	 253120 	 239356 
15.749 	 132818 	 133010 	 258914 	 239244 
15.953 	 132608 	 132954 	 256234 	 239803 
16.158 	 132491 	 133289 	 255887 	 240138 
16.362 	 132994 	 133234 	 252446 	 239803 
16.567 	 132753 	 133122 	 251465 	 240753 
16.771 	 133101 	 133178 	 258740 	 240864 
16.976 	 132946 	 133234 	 256725 	 241144 
17.181 	 132685 	 133066 	 254003 	 239859 
17.385 	 132407 	 133066 	 253170 	 242819 
17.590 	 132673 	 133289 	 257231 	 241814 
17.794 	 132469 	 133457 	 256017 	 241981 
17.999 	 132697 	 133178 	 254585 	 240697 
18.203 	 132746 	 133234 	 255206 	 242037 
18.408 	 133147 	 133234 	 254570 	 240250 
18.612 	 132960 	 133289 	 253547 	 241367 
18.817 	 132668 	 132954 	 254695 	 241814 
19.021 	 133107 	 133289 	 256590 	 241199 
19.226 	 132941 	 133289 	 252657 	 241758 
19.430 	 132706 	 133178 	 255802 	 241479 
19.635 	 132621 	 133066 	 256023 	 241646 
19.839 	 132738 	 133066 	 258845 	 242428 
20.044 	 132908 	 133178 	 255360 	 242205 
20.248 	 133204 	 133234 	 256249 	 242149 
20.453 	 132996 	 133513 	 254652 	 241590 
20.658 	 132298 	 133122 	 256518 	 242763 
20.862 	 132935 	 133234 	 259136 	 241255 
21.067 	 132644 	 133178 	 258906 	 241870 
21.271 	 132583 	 133234 	 258893 	 242149 
21.476 	 133082 	 133234 	 257224 	 242875 
21.680 	 132985 	 133178 	 257392 	 242540 
21.885 	 133091 	 133234 	 260214 	 243210 
22.089 	 133069 	 133289 	 258407 	 242428 
22.294 	 133170 	 133178 	 258772 	 242372 
22.498 	 132939 	 133345 	 259142 	 242819 
22.703 	 132896 	 133569 	 257293 	 243378 
22.907 	 133243 	 133289 	 258595 	 244104 
23.112 	 132754 	 133401 	 254529 	 243713 
23.316 	 132725 	 133122 	 255410 	 243154 
23.521 	 133140 	 133122 	 259240 	 243601 
23.725 	 133109 	 133289 	 258589 	 243434 
23.930 	 132915 	 133457 	 257706 	 243825 
24.135 	 132394 	 133178 	 254605 	 243099 
24.339 	 133107 	 133401 	 257927 	 243434 
24.544 	 133014 	 133401 	 257698 	 245054 
24.748 	 133212 	 133122 	 258026 	 246227 
24.953 	 132984 	 133345 	 255251 	 244048 
25.157 	 132892 	 133178 	 256637 	 244495 
25.362 	 133188 	 133289 	 257810 	 245221 
25.566 	 132785 	 133178 	 261429 	 246674 
25.771 	 132730 	 133289 	 261380 	 245110 
25.975 	 132533 	 133401 	 260099 	 247065 
26.180 	 132774 	 133289 	 259249 	 243601 
26.384 	 132698 	 133289 	 262548 	 245668 
26.589 	 132975 	 133625 	 261338 	 245892 
26.793 	 132811 	 133178 	 262344 	 246394 
26.998 	 132921 	 133234 	 259199 	 246227 
27.202 	 133209 	 133457 	 261670 	 245110 
27.407 	 132882 	 133401 	 262385 	 245780 
27.612 	 132904 	 133289 	 255627 	 243490 
27.816 	 133191 	 133457 	 258829 	 245556 
28.021 	 133603 	 133569 	 261420 	 244719 
28.225 	 132866 	 133569 	 262535 	 243992 
28.430 	 132446 	 133234 	 259537 	 244774 
28.634 	 132969 	 133345 	 261456 	 245724 
28.839 	 132977 	 133345 	 259230 	 245054 
29.043 	 133371 	 133401 	 260902 	 246450 
29.248 	 132709 	 133457 	 258771 	 244663 
29.452 	 132975 	 133345 	 264823 	 244439 
29.657 	 133005 	 133457 	 258749 	 245389 
29.861 	 133104 	 133681 	 259351 	 246338 
30.066 	 132346 	 133178 	 261394 	 245556 
30.270 	 132917 	 133234 	 259660 	 244327 
30.475 	 132957 	 133457 	 264764 	 244830 
30.679 	 132719 	 133289 	 259164 	 243881 
30.884 	 132722 	 133289 	 260221 	 244327 
31.089 	 133566 	 133681 	 262067 	 244160 
31.293 	 133304 	 133345 	 261374 	 244216 
31.498 	 133037 	 133513 	 261422 	 245556 
31.702 	 132976 	 133513 	 260255 	 244439 
31.907 	 132884 	 133681 	 259927 	 245110 
32.111 	 133054 	 133681 	 257687 	 244886 
32.316 	 133166 	 133569 	 259257 	 245165 
32.520 	 132972 	 133401 	 259117 	 245780 
32.725 	 133631 	 133625 	 261181 	 245892 
32.929 	 133446 	 133457 	 259267 	 245333 
33.134 	 133230 	 133625 	 264098 	 247344 
33.338 	 133167 	 133792 	 260703 	 246953 
33.543 	 132693 	 133625 	 260834 	 246674 
33.747 	 133140 	 133289 	 259193 	 245110 
33.952 	 133170 	 133513 	 258321 	 243769 
34.157 	 133191 	 133681 	 260738 	 244998 
34.361 	 132757 	 133513 	 260910 	 247511 
34.566 	 133142 	 133625 	 262925 	 246171 
34.770 	 133372 	 133848 	 264852 	 247456 
34.975 	 133141 	 133513 	 259429 	 247009 
35.179 	 133186 	 133848 	 257643 	 244830 
35.384 	 132995 	 133569 	 260353 	 246227 
35.588 	 133173 	 133569 	 255079 	 245780 
35.793 	 132942 	 133792 	 256480 	 244495 
35.997 	 133288 	 133625 	 256874 	 245612 
36.202 	 133032 	 133569 	 261984 	 247065 
36.406 	 133082 	 133681 	 258096 	 246003 
36.611 	 133020 	 133345 	 259560 	 246283 
36.815 	 133217 	 133625 	 258228 	 244886 
37.020 	 133044 	 133737 	 262101 	 247567 
37.224 	 133290 	 133792 	 259528 	 247009 
37.429 	 133028 	 133569 	 256275 	 246450 
37.634 	 132735 	 133569 	 257305 	 247344 
37.838 	 133251 	 133513 	 259819 	 246506 
38.043 	 133234 	 133737 	 259710 	 248629 
38.247 	 133523 	 133681 	 260013 	 246897 
38.452 	 133048 	 133681 	 259274 	 250360 
38.656 	 133219 	 133569 	 258028 	 247679 
38.861 	 133333 	 133625 	 257343 	 246841 
39.065 	 133129 	 133681 	 258746 	 246394 
39.270 	 133337 	 133792 	 257955 	 246841 
39.474 	 133155 	 133569 	 257285 	 247232 
39.679 	 133068 	 133625 	 259616 	 247009 
39.883 	 133554 	 133625 	 257810 	 247791 
40.088 	 133341 	 133625 	 258044 	 247400 
40.292 	 133292 	 133625 	 259360 	 247400 
40.497 	 133402 	 133848 	 260603 	 247735 
40.701 	 133057 	 133681 	 260009 	 248126 
40.906 	 133443 	 133960 	 260773 	 249690 
41.111 	 133111 	 133625 	 262485 	 248238 
41.315 	 133665 	 133848 	 259266 	 247902 
41.520 	 133150 	 133737 	 255452 	 247567 
41.724 	 133503 	 133681 	 257688 	 248740 
41.929 	 133158 	 133737 	 259303 	 247511 
42.133 	 133198 	 133681 	 259056 	 248238 
42.338 	 133727 	 133737 	 258724 	 247344 
42.542 	 133003 	 133848 	 259577 	 248573 
42.747 	 133441 	 133569 	 256293 	 247456 
42.951 	 133102 	 133625 	 259334 	 247400 
43.156 	 133567 	 133737 	 257371 	 247232 
43.360 	 133160 	 133681 	 261066 	 247009 
43.565 	 133247 	 133737 	 260737 	 248238 
43.769 	 133227 	 133848 	 259976 	 248182 
43.974 	 133622 	 133513 	 260666 	 249858 
44.178 	 133396 	 134016 	 265305 	 248461 
44.383 	 133423 	 133792 	 261352 	 248182 
44.588 	 133317 	 133737 	 262011 	 248126 
44.792 	 132903 	 133569 	 257183 	 246171 
44.997 	 133187 	 133792 	 258816 	 245836 
45.201 	 133469 	 133848 	 258836 	 247344 
45.406 	 133501 	 133737 	 261924 	 246506 
45.610 	 133712 	 133848 	 258554 	 247511 
45.815 	 133230 	 133737 	 258350 	 247288 
46.019 	 133373 	 133848 	 261110 	 248349 
46.224 	 133112 	 133737 	 261872 	 247958 
46.428 	 133475 	 133681 	 259935 	 248126 
46.633 	 133188 	 133960 	 259541 	 246394 
46.837 	 133129 	 133960 	 261286 	 247176 
47.042 	 133454 	 133848 	 262714 	 248014 
47.246 	 133284 	 133737 	 260752 	 246450 
47.451 	 133104 	 133960 	 261588 	 246674 
47.655 	 133525 	 134128 	 260133 	 246506 
47.860 	 133472 	 133625 	 262132 	 247791 
48.065 	 133824 	 133960 	 261833 	 250249 
48.269 	 133306 	 133625 	 257222 	 249522 
48.474 	 133256 	 133569 	 259330 	 247623 
48.678 	 133344 	 133737 	 260790 	 247735 
48.883 	 133292 	 133960 	 261118 	 247958 
49.087 	 132926 	 133737 	 261774 	 248964 
49.292 	 133452 	 133848 	 258522 	 248070 
49.496 	 133263 	 133681 	 260103 	 247847 
49.701 	 132821 	 133737 	 260165 	 249131 
49.905 	 133177 	 133792 	 259428 	 248517 
50.110 	 133188 	 133792 	 259987 	 249355 
50.314 	 133938 	 133792 	 260746 	 246450 
50.519 	 133086 	 133625 	 259358 	 248070 
50.723 	 133189 	 133848 	 260326 	 246953 
50.928 	 133533 	 133681 	 262179 	 249355 
51.132 	 133395 	 133960 	 260814 	 248238 
51.337 	 133349 	 133960 	 260182 	 248684 
51.542 	 133482 	 133904 	 262429 	 247847 
51.746 	 133297 	 133848 	 259930 	 248908 
51.951 	 133157 	 133569 	 258309 	 248238 
52.155 	 133281 	 133681 	 261240 	 249634 
52.360 	 133574 	 133625 	 258195 	 248126 
52.564 	 133424 	 133737 	 262250 	 249187 
52.769 	 133443 	 133792 	 256727 	 248684 
52.973 	 133674 	 133904 	 258261 	 248182 
53.178 	 133871 	 133848 	 260489 	 248014 
53.382 	 133293 	 133681 	 263032 	 249913 
53.587 	 133037 	 133625 	 262247 	 249690 
53.791 	 132805 	 133569 	 260289 	 247847 
53.996 	 133415 	 133792 	 261801 	 249690 
54.200 	 133764 	 133848 	 260486 	 249578 
54.405 	 133321 	 133848 	 255866 	 245947 
54.610 	 133390 	 133848 	 261036 	 246283 
54.814 	 133308 	 133681 	 262940 	 248684 
55.019 	 133620 	 133737 	 260903 	 250193 
55.223 	 133461 	 133792 	 262940 	 249969 
55.428 	 133456 	 134016 	 260355 	 249411 
55.632 	 133470 	 133792 	 261193 	 250081 
55.837 	 133923 	 133848 	 261260 	 249522 
56.041 	 133710 	 133848 	 260262 	 250249 
56.246 	 133283 	 133625 	 261042 	 250807 
56.450 	 133482 	 133569 	 262726 	 252092 
56.655 	 133235 	 133681 	 262680 	 249411 
56.859 	 133413 	 133625 	 263026 	 250472 
57.064 	 133413 	 133904 	 259174 	 249187 
57.268 	 133547 	 133792 	 258586 	 248517 
57.473 	 133421 	 133960 	 261406 	 249467 
57.677 	 133493 	 134072 	 262083 	 250249 
57.882 	 133403 	 133792 	 260969 	 249969 
58.087 	 133559 	 133904 	 263832 	 250919 
58.291 	 133058 	 133737 	 259360 	 249746 
58.496 	 133398 	 133737 	 255506 	 249187 
58.700 	 133031 	 133904 	 258014 	 250640 
58.905 	 133244 	 133848 	 259175 	 249411 
59.109 	 133138 	 133848 	 256174 	 248238 
59.314 	 133357 	 133737 	 260725 	 251366 
59.518 	 133313 	 133681 	 259035 	 249746 
59.723 	 134062 	 133792 	 260924 	 250472 
59.927 	 133658 	 133737 	 264414 	 249969 
60.132 	 133838 	 133960 	 262614 	 248908 
60.336 	 133474 	 133737 	 263219 	 251031 
60.541 	 133586 	 133792 	 262095 	 250360 
60.745 	 133181 	 133737 	 259997 	 250137 
60.950 	 133365 	 133960 	 259803 	 249578 
61.154 	 133494 	 133681 	 260813 	 251031 
61.359 	 133607 	 133960 	 256124 	 249746 
61.564 	 133668 	 133848 	 261533 	 251142 
61.768 	 133514 	 133904 	 262911 	 250472 
61.973 	 133664 	 133848 	 262434 	 249299 
62.177 	 133252 	 133848 	 259217 	 248182 
62.382 	 133303 	 133681 	 258139 	 248405 
62.586 	 133416 	 133904 	 262513 	 249634 
62.791 	 133410 	 133848 	 257269 	 249076 
62.995 	 133300 	 133737 	 257561 	 248629 
63.200 	 133118 	 133737 	 256860 	 249131 
63.404 	 133412 	 133904 	 260031 	 250081 
63.609 	 133600 	 133848 	 256913 	 248796 
63.813 	 133099 	 133792 	 260208 	 249690 
64.018 	 133504 	 133625 	 256886 	 247288 
64.222 	 133464 	 133848 	 260326 	 249020 
64.427 	 132954 	 133792 	 259722 	 248740 
64.631 	 132871 	 133625 	 258188 	 247791 
64.836 	 133117 	 133569 	 259205 	 248964 
65.041 	 133293 	 133737 	 257382 	 248126 
65.245 	 133356 	 133737 	 262541 	 247623 
65.450 	 132866 	 133513 	 254364 	 247288 
65.654 	 133630 	 133513 	 261357 	 248796 
65.859 	 133135 	 133737 	 257704 	 247847 
66.063 	 133304 	 133904 	 259743 	 248238 
66.268 	 133499 	 133625 	 264821 	 249690 
66.472 	 133647 	 133848 	 260897 	 248740 
66.677 	 133431 	 133848 	 262815 	 247958 
66.881 	 133529 	 133904 	 258420 	 248182 
67.086 	 133203 	 133737 	 258577 	 248964 
67.290 	 133047 	 133513 	 256631 	 248126 
67.495 	 133739 	 133848 	 261826 	 249243 
67.699 	 133276 	 133681 	 259273 	 249634 
67.904 	 132974 	 133625 	 259890 	 249578 
68.108 	 133448 	 133737 	 260939 	 247902 
68.313 	 133465 	 133737 	 260301 	 249243 
68.518 	 133511 	 133737 	 266375 	 249411 
68.722 	 133256 	 133792 	 259684 	 249187 
68.927 	 133313 	 133848 	 265234 	 249355 
69.131 	 133359 	 133737 	 259672 	 248070 
69.336 	 133065 	 133904 	 260553 	 249858 
69.540 	 133264 	 133792 	 260996 	 250416 
69.745 	 133220 	 133737 	 263937 	 249187 
69.949 	 133710 	 133792 	 261322 	 251310 
70.154 	 133289 	 133792 	 260562 	 250360 
70.358 	 133148 	 133681 	 260198 	 249913 
70.563 	 133592 	 133848 	 261380 	 250137 
70.767 	 133756 	 133737 	 259573 	 249522 
70.972 	 133622 	 133848 	 262141 	 250863 
71.176 	 133476 	 133904 	 264000 	 249020 
71.381 	 133116 	 133848 	 258642 	 248908 
71.585 	 133726 	 134016 	 262623 	 249858 
71.790 	 133665 	 133960 	 261280 	 250640 
71.995 	 134014 	 134072 	 257881 	 249243 
72.199 	 133707 	 133960 	 260955 	 249187 
72.404 	 133208 	 133792 	 259180 	 249467 
72.608 	 133476 	 133904 	 256145 	 250081 
72.813 	 133479 	 133681 	 259854 	 249355 
